13 1 24 12 28 16 17 9 2 0 8 1 10 6 27 26 0 6 24 9 27 11 7 6 27 24 18 29 22 0 0 5 24 17 9 22 3 26 2 5 27 2 6 29 1 26 18 1 2 12 2 22 15 9 20 4 25 0 4 17 0 26 14 16 13 23 9 8 12 3 13 1 5 12 0 6 8 18 0 2 

16 23 19 0 8 11 21 20 8 10 9 6 7 24 16 20 23 18 5 26 22 13 7 15 17 22 22 0 15 3 20 29 27 7 28 2 16 18 22 25 

1 0 0 0 0 0 0 0 0 0 0 0 0 0 0 0 0 0 0 0 0 0 0 0 0 0 0 0 0 0 0 0 0 0 0 0 0 0 0 0 -16 6 7 -16 -19 -10 11 -6 -8 -8 4 -18 2 -19 17 -4 -1 0 -9 16 8 14 -12 -17 2 1 6 -14 17 2 15 -18 -13 1 -14 -10 13 18 4 -14 
0 1 0 0 0 0 0 0 0 0 0 0 0 0 0 0 0 0 0 0 0 0 0 0 0 0 0 0 0 0 0 0 0 0 0 0 0 0 0 0 -9 -13 -11 15 -10 -13 -10 12 9 3 7 -3 -4 17 0 -20 -1 -12 -12 -5 10 -18 -1 19 5 6 -11 -3 5 15 6 18 -16 15 12 -6 -17 -19 -13 13 
0 0 1 0 0 0 0 0 0 0 0 0 0 0 0 0 0 0 0 0 0 0 0 0 0 0 0 0 0 0 0 0 0 0 0 0 0 0 0 0 4 17 -11 -19 13 11 -17 -8 19 -9 9 8 -7 -10 9 20 18 18 -3 2 12 -16 -1 18 19 -10 -8 -17 -7 1 16 17 -3 -14 20 -10 18 -17 4 18 
0 0 0 1 0 0 0 0 0 0 0 0 0 0 0 0 0 0 0 0 0 0 0 0 0 0 0 0 0 0 0 0 0 0 0 0 0 0 0 0 -6 -6 8 10 4 -4 9 1 -7 -13 -16 -14 -9 5 -16 -9 17 -2 -5 -11 19 -8 -13 -2 -1 -13 8 -2 -10 -7 -3 6 9 -16 -5 -5 0 -14 18 15 
0 0 0 0 1 0 0 0 0 0 0 0 0 0 0 0 0 0 0 0 0 0 0 0 0 0 0 0 0 0 0 0 0 0 0 0 0 0 0 0 -7 -18 -17 7 9 -11 18 6 9 -6 15 9 9 -18 -14 -13 -9 14 7 1 -12 -15 -12 20 -10 6 -6 12 12 -7 9 -14 -3 14 13 -14 -18 13 12 11 
0 0 0 0 0 1 0 0 0 0 0 0 0 0 0 0 0 0 0 0 0 0 0 0 0 0 0 0 0 0 0 0 0 0 0 0 0 0 0 0 -12 8 -1 17 12 6 -15 -18 1 14 5 12 20 14 11 -9 -1 -14 -16 -8 -1 15 -2 17 8 -7 -16 10 -13 18 2 -5 5 -19 -8 -1 9 -3 3 -11 
0 0 0 0 0 0 1 0 0 0 0 0 0 0 0 0 0 0 0 0 0 0 0 0 0 0 0 0 0 0 0 0 0 0 0 0 0 0 0 0 -7 -12 -18 -8 -17 15 5 2 -20 9 14 2 4 -7 0 -9 6 4 -17 13 1 5 -10 -13 8 2 8 -4 -20 -9 8 -7 -1 10 7 4 5 -9 -15 7 
0 0 0 0 0 0 0 1 0 0 0 0 0 0 0 0 0 0 0 0 0 0 0 0 0 0 0 0 0 0 0 0 0 0 0 0 0 0 0 0 -18 -20 -12 6 -5 8 19 -19 -7 -17 16 14 9 -15 -17 -2 9 11 15 12 -19 4 -16 2 -5 14 -15 -19 -16 -8 9 -12 -8 19 16 10 7 15 13 20 
0 0 0 0 0 0 0 0 1 0 0 0 0 0 0 0 0 0 0 0 0 0 0 0 0 0 0 0 0 0 0 0 0 0 0 0 0 0 0 0 20 8 16 10 16 19 -12 6 9 -16 -3 11 8 4 -6 -16 -3 0 -14 3 12 17 12 -14 15 9 16 3 5 8 5 5 -3 0 -6 -6 0 2 -18 -12 
0 0 0 0 0 0 0 0 0 1 0 0 0 0 0 0 0 0 0 0 0 0 0 0 0 0 0 0 0 0 0 0 0 0 0 0 0 0 0 0 8 -1 -20 -3 -16 -5 2 3 17 8 -12 8 4 20 16 0 8 11 -17 -7 0 8 20 18 -11 -7 -7 9 18 -5 19 5 17 -19 -18 -20 -2 6 6 -6 
0 0 0 0 0 0 0 0 0 0 1 0 0 0 0 0 0 0 0 0 0 0 0 0 0 0 0 0 0 0 0 0 0 0 0 0 0 0 0 0 -7 14 -19 19 15 18 -2 2 10 1 17 -10 -10 18 -11 -1 -9 4 -13 -10 20 -12 17 18 -11 -20 20 7 6 5 -20 -20 -2 -17 19 -8 -18 -1 17 13 
0 0 0 0 0 0 0 0 0 0 0 1 0 0 0 0 0 0 0 0 0 0 0 0 0 0 0 0 0 0 0 0 0 0 0 0 0 0 0 0 -19 15 -16 -8 13 -5 13 -15 19 -18 -5 20 -10 -9 19 -1 -8 19 -15 20 3 -13 -20 -17 -10 -20 -5 -7 -1 -9 -13 3 -12 -9 15 -20 6 7 -15 6 
0 0 0 0 0 0 0 0 0 0 0 0 1 0 0 0 0 0 0 0 0 0 0 0 0 0 0 0 0 0 0 0 0 0 0 0 0 0 0 0 11 2 8 -20 15 6 -1 -12 4 6 -12 -11 13 -12 -8 -17 -10 7 -4 10 -20 5 -8 -12 16 -12 -10 3 17 -3 -10 8 19 18 8 15 4 -11 -17 -11 
0 0 0 0 0 0 0 0 0 0 0 0 0 1 0 0 0 0 0 0 0 0 0 0 0 0 0 0 0 0 0 0 0 0 0 0 0 0 0 0 15 -7 -2 8 3 10 13 13 -3 -12 2 -1 15 16 9 10 -15 19 -6 -18 -3 6 12 -5 4 -1 -9 -11 10 -6 -2 5 7 17 -6 -11 6 -14 -18 -16 
0 0 0 0 0 0 0 0 0 0 0 0 0 0 1 0 0 0 0 0 0 0 0 0 0 0 0 0 0 0 0 0 0 0 0 0 0 0 0 0 -4 6 3 -10 4 -7 -19 9 -9 -5 11 8 -20 4 -16 6 -15 -4 15 15 12 -7 1 1 -9 15 12 17 -20 16 -17 -4 2 8 8 -13 -19 9 16 -6 
0 0 0 0 0 0 0 0 0 0 0 0 0 0 0 1 0 0 0 0 0 0 0 0 0 0 0 0 0 0 0 0 0 0 0 0 0 0 0 0 -15 9 -16 -12 -8 -12 14 -3 6 11 -8 0 -17 13 -20 -4 10 14 -8 10 10 -5 -12 -7 -15 16 0 -14 7 -3 0 12 -15 4 20 -2 15 16 17 2 
0 0 0 0 0 0 0 0 0 0 0 0 0 0 0 0 1 0 0 0 0 0 0 0 0 0 0 0 0 0 0 0 0 0 0 0 0 0 0 0 6 -10 -19 11 -15 -17 -14 15 18 0 6 7 18 14 -19 -18 12 1 -10 -2 18 10 -9 -15 -4 -7 5 -10 -10 1 12 16 14 16 8 19 19 16 13 18 
0 0 0 0 0 0 0 0 0 0 0 0 0 0 0 0 0 1 0 0 0 0 0 0 0 0 0 0 0 0 0 0 0 0 0 0 0 0 0 0 -3 -2 6 -4 -6 7 -2 -13 -11 10 7 -11 0 18 -6 16 -10 19 -13 0 1 -20 -3 -6 16 -14 -6 17 -17 -12 14 3 7 2 19 -18 -12 -1 -11 0 
0 0 0 0 0 0 0 0 0 0 0 0 0 0 0 0 0 0 1 0 0 0 0 0 0 0 0 0 0 0 0 0 0 0 0 0 0 0 0 0 -12 16 9 8 15 -16 5 -13 -18 14 9 5 15 -12 -19 12 -6 -5 8 0 4 4 -18 -8 -15 -20 -4 -5 -1 5 15 10 2 3 -1 -2 7 -14 5 11 
0 0 0 0 0 0 0 0 0 0 0 0 0 0 0 0 0 0 0 1 0 0 0 0 0 0 0 0 0 0 0 0 0 0 0 0 0 0 0 0 20 -6 -2 16 2 -1 8 18 16 -3 -3 1 -20 1 15 -13 4 -10 3 -16 17 -1 14 -2 -16 -7 17 11 -1 3 4 0 17 -17 -4 0 2 -17 -2 -1 
0 0 0 0 0 0 0 0 0 0 0 0 0 0 0 0 0 0 0 0 1 0 0 0 0 0 0 0 0 0 0 0 0 0 0 0 0 0 0 0 0 17 -18 3 0 17 10 -17 -13 -6 -13 -17 14 -17 4 18 -4 2 10 17 -16 -5 -4 -19 -2 12 3 -19 17 -18 3 -3 20 5 -19 1 1 13 4 8 
0 0 0 0 0 0 0 0 0 0 0 0 0 0 0 0 0 0 0 0 0 1 0 0 0 0 0 0 0 0 0 0 0 0 0 0 0 0 0 0 -11 13 12 -16 16 -3 -17 -9 19 15 -11 -18 -10 6 -15 10 -1 11 12 -4 13 -6 15 12 19 18 -6 -1 10 18 -11 -20 11 -18 -16 6 -1 -13 20 -1 
0 0 0 0 0 0 0 0 0 0 0 0 0 0 0 0 0 0 0 0 0 0 1 0 0 0 0 0 0 0 0 0 0 0 0 0 0 0 0 0 -18 -10 3 -6 18 9 -17 -3 1 15 15 -7 -10 11 -13 -10 8 1 10 -1 -1 19 0 -9 -18 4 19 1 14 20 20 16 -10 2 -11 -11 -8 -6 6 13 
0 0 0 0 0 0 0 0 0 0 0 0 0 0 0 0 0 0 0 0 0 0 0 1 0 0 0 0 0 0 0 0 0 0 0 0 0 0 0 0 -9 2 -12 1 -8 -5 12 -19 16 3 1 -4 3 -20 9 5 6 8 -15 -1 9 -14 -4 19 10 7 -10 -18 -19 16 17 -8 0 -16 15 12 1 6 14 -3 
0 0 0 0 0 0 0 0 0 0 0 0 0 0 0 0 0 0 0 0 0 0 0 0 1 0 0 0 0 0 0 0 0 0 0 0 0 0 0 0 -10 -4 15 13 -4 4 -3 -17 -7 4 3 -19 10 19 -18 2 6 -8 4 7 -11 2 -20 9 9 15 3 -11 3 -2 8 13 14 5 8 -9 -12 -16 -6 3 
0 0 0 0 0 0 0 0 0 0 0 0 0 0 0 0 0 0 0 0 0 0 0 0 0 1 0 0 0 0 0 0 0 0 0 0 0 0 0 0 11 19 4 0 20 8 -17 5 20 7 -7 -9 -9 -5 -19 20 -11 6 -10 14 -17 19 7 19 3 -6 -9 13 0 8 -5 -10 8 -20 13 7 9 16 -9 10 
0 0 0 0 0 0 0 0 0 0 0 0 0 0 0 0 0 0 0 0 0 0 0 0 0 0 1 0 0 0 0 0 0 0 0 0 0 0 0 0 5 6 -18 16 -20 -16 17 -8 12 -12 -15 18 -12 14 18 13 -11 -11 5 10 19 -19 20 6 -16 14 -5 15 12 8 6 -4 -6 9 -7 -4 15 -9 8 6 
0 0 0 0 0 0 0 0 0 0 0 0 0 0 0 0 0 0 0 0 0 0 0 0 0 0 0 1 0 0 0 0 0 0 0 0 0 0 0 0 -1 16 3 8 9 1 0 19 12 -13 8 12 -10 9 -1 -6 5 14 -12 -4 2 17 12 16 5 -14 -7 1 -3 -19 -12 18 17 12 7 5 -6 -13 5 -13 
0 0 0 0 0 0 0 0 0 0 0 0 0 0 0 0 0 0 0 0 0 0 0 0 0 0 0 0 1 0 0 0 0 0 0 0 0 0 0 0 -4 -6 -20 6 -17 -1 -18 10 -7 -8 -15 17 -12 19 14 15 -16 -14 -5 3 -11 4 2 -15 -3 -11 13 13 -2 -1 -19 14 14 -19 1 17 2 5 6 17 
0 0 0 0 0 0 0 0 0 0 0 0 0 0 0 0 0 0 0 0 0 0 0 0 0 0 0 0 0 1 0 0 0 0 0 0 0 0 0 0 18 13 13 -13 11 6 -18 17 15 -1 1 -17 -18 -18 -9 1 -9 -15 -5 9 4 -4 4 -3 -1 -15 -5 -19 10 -18 18 9 15 11 17 7 -2 -20 5 -6 
0 0 0 0 0 0 0 0 0 0 0 0 0 0 0 0 0 0 0 0 0 0 0 0 0 0 0 0 0 0 1 0 0 0 0 0 0 0 0 0 -1 -15 -2 4 -12 11 -14 1 16 2 -10 1 18 14 19 -1 -20 -7 0 13 -4 -3 1 -8 -13 -1 20 8 -1 4 -19 -20 12 1 4 20 -9 10 0 -12 
0 0 0 0 0 0 0 0 0 0 0 0 0 0 0 0 0 0 0 0 0 0 0 0 0 0 0 0 0 0 0 1 0 0 0 0 0 0 0 0 -7 12 10 -7 8 8 12 8 -18 -9 2 0 8 -17 13 18 4 14 7 -15 -1 8 -15 -10 -11 9 -11 2 0 12 11 14 5 0 -14 -8 -11 18 -18 -7 
0 0 0 0 0 0 0 0 0 0 0 0 0 0 0 0 0 0 0 0 0 0 0 0 0 0 0 0 0 0 0 0 1 0 0 0 0 0 0 0 -10 4 14 18 9 8 17 -7 1 3 -2 20 -7 3 -10 2 -7 1 -15 15 -6 16 10 20 -3 16 -9 8 15 -7 -19 -16 20 15 -16 8 2 -18 -20 -16 
0 0 0 0 0 0 0 0 0 0 0 0 0 0 0 0 0 0 0 0 0 0 0 0 0 0 0 0 0 0 0 0 0 1 0 0 0 0 0 0 6 0 -15 19 -16 -5 2 -1 19 7 -6 -8 5 -17 -9 -19 -19 5 10 18 20 11 -16 19 7 -12 7 -10 -8 9 -6 18 -9 1 18 -5 17 1 17 17 
0 0 0 0 0 0 0 0 0 0 0 0 0 0 0 0 0 0 0 0 0 0 0 0 0 0 0 0 0 0 0 0 0 0 1 0 0 0 0 0 -12 -10 -12 13 -5 2 16 -2 -12 7 -4 -13 -3 0 -12 -15 10 15 -3 -19 5 13 -19 16 -6 19 -7 -10 2 -11 -12 12 1 -4 6 16 20 1 -4 -13 
0 0 0 0 0 0 0 0 0 0 0 0 0 0 0 0 0 0 0 0 0 0 0 0 0 0 0 0 0 0 0 0 0 0 0 1 0 0 0 0 -12 12 -5 7 -9 3 15 -20 -1 -9 -17 -15 -16 -16 -17 -2 -15 -4 10 7 7 18 -2 -13 -5 -17 -16 -5 6 0 4 14 -9 19 3 4 3 -3 6 -17 
0 0 0 0 0 0 0 0 0 0 0 0 0 0 0 0 0 0 0 0 0 0 0 0 0 0 0 0 0 0 0 0 0 0 0 0 1 0 0 0 8 10 -9 12 14 -6 -9 19 10 -20 5 -2 20 -16 5 -5 -13 11 12 16 -9 -5 9 4 -6 -9 -12 19 10 14 -16 -2 5 -5 -9 -1 9 3 -3 0 
0 0 0 0 0 0 0 0 0 0 0 0 0 0 0 0 0 0 0 0 0 0 0 0 0 0 0 0 0 0 0 0 0 0 0 0 0 1 0 0 5 -16 18 5 -10 4 20 0 -6 11 -5 7 -15 -17 -9 1 -3 1 2 -12 -6 8 6 20 -18 20 0 13 4 19 -6 -10 -18 -7 15 -5 17 16 15 -8 
0 0 0 0 0 0 0 0 0 0 0 0 0 0 0 0 0 0 0 0 0 0 0 0 0 0 0 0 0 0 0 0 0 0 0 0 0 0 1 0 8 -11 20 16 -6 -10 -2 11 11 20 20 -14 9 7 -13 13 8 7 5 -7 6 -20 4 10 -7 -2 -16 -9 -4 -20 6 -17 -11 5 -20 4 17 -1 -4 9 
0 0 0 0 0 0 0 0 0 0 0 0 0 0 0 0 0 0 0 0 0 0 0 0 0 0 0 0 0 0 0 0 0 0 0 0 0 0 0 1 0 -5 15 -11 -16 -16 -19 14 13 9 -13 0 9 11 -10 -16 -10 -4 -3 8 -1 -16 12 8 9 14 -9 7 -8 10 -5 13 -16 -8 -19 -10 -4 -16 -14 -12 
