6 1 3 6 4 0 2 5 9 2 3 2 7 1 6 6 7 9 4 3 8 8 4 2 2 9 8 2 7 8 4 3 0 9 1 4 0 4 9 1 8 5 3 7 6 9 4 3 9 0 8 9 9 2 1 1 3 1 6 0 2 2 5 2 1 9 6 3 5 7 4 3 2 7 0 0 9 6 6 0 

0 14 13 9 12 19 23 26 30 7 5 20 29 12 3 12 15 23 3 23 12 14 8 9 30 18 13 3 6 20 24 4 1 6 13 13 25 6 7 23 

1 0 0 0 0 0 0 0 0 0 0 0 0 0 0 0 0 0 0 0 0 0 0 0 0 0 0 0 0 0 0 0 0 0 0 0 0 0 0 0 12 19 16 -19 -19 -9 -5 -19 2 -3 -18 16 17 5 -12 -10 -20 10 17 -15 5 -6 -15 -16 8 5 0 -16 -12 -5 19 -18 -7 16 -17 -6 -14 0 -5 9 
0 1 0 0 0 0 0 0 0 0 0 0 0 0 0 0 0 0 0 0 0 0 0 0 0 0 0 0 0 0 0 0 0 0 0 0 0 0 0 0 19 0 6 16 -14 14 -13 -14 3 -17 -7 -11 -3 -2 -6 -13 -17 14 -7 -7 -12 -7 -5 3 -12 0 17 -3 -19 -6 -13 -20 16 13 18 -19 9 -16 -11 -9 
0 0 1 0 0 0 0 0 0 0 0 0 0 0 0 0 0 0 0 0 0 0 0 0 0 0 0 0 0 0 0 0 0 0 0 0 0 0 0 0 -11 2 1 7 -18 17 16 -15 12 -10 0 -19 3 18 4 13 -3 2 -9 -1 18 -2 1 13 -7 -2 16 -19 4 -16 -6 13 7 17 1 9 13 -2 16 4 
0 0 0 1 0 0 0 0 0 0 0 0 0 0 0 0 0 0 0 0 0 0 0 0 0 0 0 0 0 0 0 0 0 0 0 0 0 0 0 0 8 -3 7 -8 -6 -10 -13 12 13 -2 -8 10 19 15 5 -9 -8 0 -6 18 5 8 10 -7 7 -9 -17 -1 11 19 -15 -1 -5 12 11 10 -18 18 3 17 
0 0 0 0 1 0 0 0 0 0 0 0 0 0 0 0 0 0 0 0 0 0 0 0 0 0 0 0 0 0 0 0 0 0 0 0 0 0 0 0 -2 17 8 -4 11 -6 9 -16 15 -16 -19 1 14 13 14 0 -15 19 20 17 17 -14 -5 -7 18 -13 -16 -19 -13 9 20 5 7 8 -18 -1 -19 13 5 18 
0 0 0 0 0 1 0 0 0 0 0 0 0 0 0 0 0 0 0 0 0 0 0 0 0 0 0 0 0 0 0 0 0 0 0 0 0 0 0 0 17 6 -2 10 1 -7 -8 6 -9 -7 4 -11 -1 -20 5 -4 -12 11 0 -3 2 -1 -17 -12 -12 -15 8 -10 20 -8 -11 18 -20 10 7 3 -18 -20 -12 -4 
0 0 0 0 0 0 1 0 0 0 0 0 0 0 0 0 0 0 0 0 0 0 0 0 0 0 0 0 0 0 0 0 0 0 0 0 0 0 0 0 -7 13 7 12 13 -7 -10 -18 -16 10 -1 6 -10 4 16 -1 11 5 11 10 20 20 7 -19 9 -4 4 14 -4 14 -9 10 6 20 3 1 -7 13 5 -1 
0 0 0 0 0 0 0 1 0 0 0 0 0 0 0 0 0 0 0 0 0 0 0 0 0 0 0 0 0 0 0 0 0 0 0 0 0 0 0 0 4 -14 -14 17 10 -19 -5 1 7 -13 -8 8 -14 20 9 18 -3 -8 13 13 -15 -17 4 14 -18 -11 -4 -5 -17 -18 16 10 -12 -19 6 -20 -15 -20 3 14 
0 0 0 0 0 0 0 0 1 0 0 0 0 0 0 0 0 0 0 0 0 0 0 0 0 0 0 0 0 0 0 0 0 0 0 0 0 0 0 0 -13 15 1 -5 16 -11 -6 -8 3 -14 -13 8 -11 11 3 -6 -19 19 11 -15 -19 7 15 -9 8 0 -9 15 2 14 8 11 9 -12 -13 6 -1 2 19 -19 
0 0 0 0 0 0 0 0 0 1 0 0 0 0 0 0 0 0 0 0 0 0 0 0 0 0 0 0 0 0 0 0 0 0 0 0 0 0 0 0 8 -15 10 20 18 -6 -5 20 -7 -15 -14 -4 12 -18 9 2 4 -20 -2 -15 16 -14 18 6 -6 -16 -8 14 8 -10 17 -4 -3 8 -3 -6 -18 12 -5 -3 
0 0 0 0 0 0 0 0 0 0 1 0 0 0 0 0 0 0 0 0 0 0 0 0 0 0 0 0 0 0 0 0 0 0 0 0 0 0 0 0 19 3 15 13 5 3 -4 -12 5 14 -5 1 20 -8 -12 -4 -1 2 -11 -14 14 -13 4 -10 16 -18 7 18 14 -17 -6 15 7 -10 7 -9 13 -18 2 -2 
0 0 0 0 0 0 0 0 0 0 0 1 0 0 0 0 0 0 0 0 0 0 0 0 0 0 0 0 0 0 0 0 0 0 0 0 0 0 0 0 16 17 -20 16 -9 -12 -9 12 13 2 18 6 9 4 17 4 6 3 3 2 8 19 -4 -6 -12 -18 8 -19 -16 -11 1 -19 -15 3 17 -2 13 -13 -11 5 
0 0 0 0 0 0 0 0 0 0 0 0 1 0 0 0 0 0 0 0 0 0 0 0 0 0 0 0 0 0 0 0 0 0 0 0 0 0 0 0 11 -11 -9 0 13 -13 -15 0 12 11 -19 -1 9 -1 14 18 3 1 -20 7 12 3 9 19 -15 7 -3 18 17 6 3 7 15 14 -12 9 -20 -4 -11 14 
0 0 0 0 0 0 0 0 0 0 0 0 0 1 0 0 0 0 0 0 0 0 0 0 0 0 0 0 0 0 0 0 0 0 0 0 0 0 0 0 -14 -10 -8 15 12 -13 14 -6 10 16 -19 1 -2 12 0 3 0 17 1 -4 4 -17 -15 1 17 -5 -11 19 13 -2 12 19 11 -15 16 2 -7 11 16 -16 
0 0 0 0 0 0 0 0 0 0 0 0 0 0 1 0 0 0 0 0 0 0 0 0 0 0 0 0 0 0 0 0 0 0 0 0 0 0 0 0 7 19 6 -16 12 -13 8 -8 -15 -10 10 11 -7 17 -9 -9 -8 1 -11 -14 -20 -18 -15 13 -11 -18 -6 2 13 -10 9 1 -10 -4 6 -18 3 -5 -4 10 
0 0 0 0 0 0 0 0 0 0 0 0 0 0 0 1 0 0 0 0 0 0 0 0 0 0 0 0 0 0 0 0 0 0 0 0 0 0 0 0 5 -13 0 18 -16 12 -12 -2 -6 -1 4 -4 3 11 -11 12 13 3 -4 8 15 -16 -12 -13 2 14 -9 -16 -10 7 16 15 14 -5 12 18 -12 -19 -3 4 
0 0 0 0 0 0 0 0 0 0 0 0 0 0 0 0 1 0 0 0 0 0 0 0 0 0 0 0 0 0 0 0 0 0 0 0 0 0 0 0 2 -19 -20 -14 12 -9 19 7 16 -6 -4 11 0 4 20 -19 0 -10 -13 10 17 -16 5 12 -1 -2 10 10 2 -12 -7 -15 -11 -5 -8 -17 6 -8 12 2 
0 0 0 0 0 0 0 0 0 0 0 0 0 0 0 0 0 1 0 0 0 0 0 0 0 0 0 0 0 0 0 0 0 0 0 0 0 0 0 0 6 -13 -6 -13 13 -7 -10 -8 3 -1 -16 1 3 9 -8 -19 -12 -17 13 12 -6 -14 18 3 1 -9 8 -11 3 1 11 -10 10 -16 -3 3 -1 9 17 -17 
0 0 0 0 0 0 0 0 0 0 0 0 0 0 0 0 0 0 1 0 0 0 0 0 0 0 0 0 0 0 0 0 0 0 0 0 0 0 0 0 -13 -20 6 10 11 18 13 20 -17 6 11 -3 14 10 -19 -4 -20 12 5 3 -8 -5 15 -18 1 -7 7 -19 -19 3 -16 -12 4 12 20 -6 10 13 -5 15 
0 0 0 0 0 0 0 0 0 0 0 0 0 0 0 0 0 0 0 1 0 0 0 0 0 0 0 0 0 0 0 0 0 0 0 0 0 0 0 0 -2 -14 -7 -7 18 -6 9 -20 -13 -6 3 2 11 0 6 -6 13 -8 -5 15 15 2 -16 0 -7 -16 15 -16 17 -9 -20 -4 -3 -7 9 -3 10 -1 -3 19 
0 0 0 0 0 0 0 0 0 0 0 0 0 0 0 0 0 0 0 0 1 0 0 0 0 0 0 0 0 0 0 0 0 0 0 0 0 0 0 0 13 -19 0 6 1 -15 20 -6 -3 -4 -10 -6 20 -6 16 -7 -2 12 -1 -4 -17 2 14 2 17 4 19 6 -17 -5 5 18 -3 -14 3 20 -8 2 -7 11 
0 0 0 0 0 0 0 0 0 0 0 0 0 0 0 0 0 0 0 0 0 1 0 0 0 0 0 0 0 0 0 0 0 0 0 0 0 0 0 0 19 3 -14 18 20 -18 -8 -3 14 14 14 19 -5 9 1 -7 -7 -1 20 -4 17 6 -7 -5 14 17 -6 -15 0 10 19 0 -6 -16 0 -7 -12 14 13 -16 
0 0 0 0 0 0 0 0 0 0 0 0 0 0 0 0 0 0 0 0 0 0 1 0 0 0 0 0 0 0 0 0 0 0 0 0 0 0 0 0 9 8 -18 -17 -4 3 -3 9 -16 -2 -14 -20 -15 2 -3 19 0 11 -14 20 2 -16 0 17 -10 -19 -9 1 15 -17 5 4 13 9 9 -11 -8 -13 20 -2 
0 0 0 0 0 0 0 0 0 0 0 0 0 0 0 0 0 0 0 0 0 0 0 1 0 0 0 0 0 0 0 0 0 0 0 0 0 0 0 0 7 -14 -2 14 10 15 13 -11 7 -20 -12 -11 -16 10 -13 -4 11 0 17 8 6 3 -7 -2 -8 -17 9 4 -9 9 -19 20 17 1 14 6 -3 8 15 -17 
0 0 0 0 0 0 0 0 0 0 0 0 0 0 0 0 0 0 0 0 0 0 0 0 1 0 0 0 0 0 0 0 0 0 0 0 0 0 0 0 8 -16 -6 12 17 3 -11 9 -17 -14 -4 11 11 11 -10 -18 15 20 6 -13 10 9 -14 8 -9 20 -7 8 7 -11 14 -6 -5 -13 -13 -9 13 -3 -18 18 
0 0 0 0 0 0 0 0 0 0 0 0 0 0 0 0 0 0 0 0 0 0 0 0 0 1 0 0 0 0 0 0 0 0 0 0 0 0 0 0 5 0 8 -5 -9 18 0 -15 19 -15 -8 8 17 0 -5 -13 0 10 18 -14 -20 11 3 -4 20 12 9 12 -10 11 11 15 -9 -2 -8 4 -2 12 9 -4 
0 0 0 0 0 0 0 0 0 0 0 0 0 0 0 0 0 0 0 0 0 0 0 0 0 0 1 0 0 0 0 0 0 0 0 0 0 0 0 0 19 -18 -14 17 2 3 -14 -17 -7 -17 -8 -7 16 15 11 15 6 0 9 17 -8 -1 13 3 20 -14 -14 -1 20 17 15 -20 -20 -18 17 3 6 -16 6 -20 
0 0 0 0 0 0 0 0 0 0 0 0 0 0 0 0 0 0 0 0 0 0 0 0 0 0 0 1 0 0 0 0 0 0 0 0 0 0 0 0 -13 18 -7 -18 14 -14 20 2 6 10 -2 18 -12 -8 3 -11 -1 9 8 0 8 5 0 8 7 -1 -8 -6 3 -20 -6 13 18 10 17 14 16 18 -5 3 
0 0 0 0 0 0 0 0 0 0 0 0 0 0 0 0 0 0 0 0 0 0 0 0 0 0 0 0 1 0 0 0 0 0 0 0 0 0 0 0 7 15 0 18 -14 -16 -14 7 16 17 -13 3 1 9 -10 -11 -11 5 4 15 5 20 7 4 11 5 -3 6 5 14 -10 -9 8 13 -10 15 17 -3 1 12 
0 0 0 0 0 0 0 0 0 0 0 0 0 0 0 0 0 0 0 0 0 0 0 0 0 0 0 0 0 1 0 0 0 0 0 0 0 0 0 0 -5 10 -4 16 -1 9 -16 10 -7 10 4 18 12 -8 1 2 18 -20 -10 4 14 0 15 2 -8 -15 -2 -11 4 -20 -18 19 11 -1 16 -9 -13 -19 -18 0 
0 0 0 0 0 0 0 0 0 0 0 0 0 0 0 0 0 0 0 0 0 0 0 0 0 0 0 0 0 0 1 0 0 0 0 0 0 0 0 0 14 7 -1 5 19 20 -12 18 -19 -2 1 16 -20 -2 -1 -8 5 17 3 -10 19 6 -10 11 -16 -15 -17 -7 -12 -14 13 -19 13 -9 8 13 -8 17 11 -4 
0 0 0 0 0 0 0 0 0 0 0 0 0 0 0 0 0 0 0 0 0 0 0 0 0 0 0 0 0 0 0 1 0 0 0 0 0 0 0 0 -4 -7 -9 -4 13 12 9 -1 10 -9 9 8 19 -20 -1 -16 -15 2 -3 -4 10 -9 -3 2 4 -15 -5 19 -17 -13 -6 -1 2 7 16 -3 -2 4 16 -13 
0 0 0 0 0 0 0 0 0 0 0 0 0 0 0 0 0 0 0 0 0 0 0 0 0 0 0 0 0 0 0 0 1 0 0 0 0 0 0 0 17 5 17 18 5 -5 -19 13 20 1 -12 9 12 7 -7 -4 14 10 -6 17 19 10 -2 0 -4 -7 17 14 19 13 -20 17 -1 19 14 -15 -4 16 20 -5 
0 0 0 0 0 0 0 0 0 0 0 0 0 0 0 0 0 0 0 0 0 0 0 0 0 0 0 0 0 0 0 0 0 1 0 0 0 0 0 0 -4 -11 -15 -11 17 0 5 12 -11 -20 9 -13 10 -12 10 -15 1 8 -20 -1 2 -18 -5 -20 -19 -9 -12 -3 -12 -13 14 6 -3 19 15 -5 1 2 -14 10 
0 0 0 0 0 0 0 0 0 0 0 0 0 0 0 0 0 0 0 0 0 0 0 0 0 0 0 0 0 0 0 0 0 0 1 0 0 0 0 0 4 17 18 -4 -16 9 3 7 -4 4 -15 19 6 3 -20 7 16 -12 -15 -17 -2 19 9 15 20 5 -9 0 -12 -3 -11 13 -4 -12 -12 0 17 11 -11 -5 
0 0 0 0 0 0 0 0 0 0 0 0 0 0 0 0 0 0 0 0 0 0 0 0 0 0 0 0 0 0 0 0 0 0 0 1 0 0 0 0 -4 -6 -7 -18 19 -7 11 14 4 17 19 -19 17 9 16 16 -6 -14 -3 2 5 9 -4 -20 19 6 3 16 -1 12 -8 15 -13 5 17 -12 20 10 -17 3 
0 0 0 0 0 0 0 0 0 0 0 0 0 0 0 0 0 0 0 0 0 0 0 0 0 0 0 0 0 0 0 0 0 0 0 0 1 0 0 0 8 -18 4 4 11 1 2 -14 9 19 11 -6 9 -12 -4 8 15 -20 5 -7 14 17 -13 -19 1 -14 -9 2 18 -6 -15 5 -4 11 -10 -11 -8 12 -3 -20 
0 0 0 0 0 0 0 0 0 0 0 0 0 0 0 0 0 0 0 0 0 0 0 0 0 0 0 0 0 0 0 0 0 0 0 0 0 1 0 0 13 -11 -4 1 -2 13 -10 -8 15 15 5 9 11 14 10 -7 20 -18 16 19 -4 -20 3 15 13 14 -15 -16 7 2 -15 1 12 3 -16 -9 -5 -6 3 -10 
0 0 0 0 0 0 0 0 0 0 0 0 0 0 0 0 0 0 0 0 0 0 0 0 0 0 0 0 0 0 0 0 0 0 0 0 0 0 1 0 -11 -11 -20 -19 -16 10 -5 -14 14 -10 -16 -11 -8 8 -17 -14 3 -12 -9 -9 13 -2 13 6 -20 17 17 -2 -8 -1 10 1 10 10 3 16 1 20 -19 -6 
0 0 0 0 0 0 0 0 0 0 0 0 0 0 0 0 0 0 0 0 0 0 0 0 0 0 0 0 0 0 0 0 0 0 0 0 0 0 0 1 -9 -14 3 5 16 9 11 -2 19 -19 9 11 1 3 -4 2 1 -8 20 14 13 9 -6 4 -2 19 0 -20 20 1 -6 -10 9 17 15 4 7 8 -17 6 
