8 8 4 3 4 9 4 0 8 3 0 5 7 3 7 1 6 1 5 4 3 4 3 5 9 4 3 1 2 0 7 3 9 1 8 5 0 2 5 1 5 8 6 5 1 6 6 8 9 3 2 5 9 7 0 9 3 5 0 7 5 9 2 6 1 0 2 3 4 9 4 2 7 3 7 9 1 3 9 0 

10 28 8 19 29 25 7 5 10 10 7 14 5 9 29 27 10 8 18 0 28 23 7 14 3 11 13 12 22 2 19 1 30 27 20 28 22 26 0 30 

1 0 0 0 0 0 0 0 0 0 0 0 0 0 0 0 0 0 0 0 0 0 0 0 0 0 0 0 0 0 0 0 0 0 0 0 0 0 0 0 -3 -17 7 20 15 -8 -18 -4 10 10 1 11 -16 -13 -14 8 -14 -3 -1 -20 1 6 -18 13 -14 10 -6 -10 8 -12 9 -14 -7 -4 -15 -13 10 -11 4 -1 
0 1 0 0 0 0 0 0 0 0 0 0 0 0 0 0 0 0 0 0 0 0 0 0 0 0 0 0 0 0 0 0 0 0 0 0 0 0 0 0 19 -14 -8 -15 -6 -2 15 2 15 -5 5 -3 -19 7 -10 -13 -4 6 -1 -15 14 -11 -9 -13 5 -1 -4 -6 10 20 16 11 -14 -13 18 2 7 12 -15 3 
0 0 1 0 0 0 0 0 0 0 0 0 0 0 0 0 0 0 0 0 0 0 0 0 0 0 0 0 0 0 0 0 0 0 0 0 0 0 0 0 -12 10 -20 -11 -3 -8 -2 15 18 19 -18 13 -12 -7 -19 13 14 -2 -11 6 -1 -14 -4 7 -7 -7 -12 20 -14 -4 4 -6 -15 4 6 4 16 -17 -1 15 
0 0 0 1 0 0 0 0 0 0 0 0 0 0 0 0 0 0 0 0 0 0 0 0 0 0 0 0 0 0 0 0 0 0 0 0 0 0 0 0 -18 1 10 -10 16 11 -16 12 -10 -5 -3 10 1 13 -4 14 -13 7 15 -5 -18 -1 11 -11 -16 -4 14 -18 0 -6 17 4 17 8 16 12 -1 20 3 9 
0 0 0 0 1 0 0 0 0 0 0 0 0 0 0 0 0 0 0 0 0 0 0 0 0 0 0 0 0 0 0 0 0 0 0 0 0 0 0 0 -3 -19 0 18 14 19 14 -18 5 8 -3 9 -12 -12 18 -5 4 13 -3 -15 -14 -5 9 -18 -17 6 15 4 6 -1 -6 -18 1 15 -19 -4 13 15 1 -1 
0 0 0 0 0 1 0 0 0 0 0 0 0 0 0 0 0 0 0 0 0 0 0 0 0 0 0 0 0 0 0 0 0 0 0 0 0 0 0 0 5 18 -13 13 -13 -14 -13 14 20 6 19 -15 -19 10 -12 -16 -5 -16 10 -18 5 -17 -14 -13 18 -12 6 12 -18 -14 -10 9 -15 -1 2 -7 8 11 -14 7 
0 0 0 0 0 0 1 0 0 0 0 0 0 0 0 0 0 0 0 0 0 0 0 0 0 0 0 0 0 0 0 0 0 0 0 0 0 0 0 0 -3 -14 14 0 18 -17 6 -7 -11 -5 -3 15 -2 4 -17 -2 14 9 -11 18 17 0 7 -18 -20 -10 -5 8 -20 3 -4 -1 9 -10 19 9 -5 4 -19 5 
0 0 0 0 0 0 0 1 0 0 0 0 0 0 0 0 0 0 0 0 0 0 0 0 0 0 0 0 0 0 0 0 0 0 0 0 0 0 0 0 -20 0 1 -1 -17 4 17 19 -7 -13 17 -9 7 3 -7 10 13 10 -3 15 -8 16 -6 -17 -13 -6 12 2 -20 15 -14 -20 -6 7 1 0 -9 -1 -2 6 
0 0 0 0 0 0 0 0 1 0 0 0 0 0 0 0 0 0 0 0 0 0 0 0 0 0 0 0 0 0 0 0 0 0 0 0 0 0 0 0 7 -6 17 -5 19 -8 -16 13 -19 4 8 -6 -1 -17 -1 6 -3 -10 -13 -1 -14 -4 2 0 -18 -18 20 -5 2 0 -18 -10 16 -19 5 15 -7 10 7 -6 
0 0 0 0 0 0 0 0 0 1 0 0 0 0 0 0 0 0 0 0 0 0 0 0 0 0 0 0 0 0 0 0 0 0 0 0 0 0 0 0 -5 -4 10 14 -1 -12 1 19 0 10 -1 6 -15 -20 -14 -10 -15 -13 7 9 7 10 19 5 13 3 -1 -15 -6 -13 -1 9 4 -9 4 -16 -1 -14 -16 20 
0 0 0 0 0 0 0 0 0 0 1 0 0 0 0 0 0 0 0 0 0 0 0 0 0 0 0 0 0 0 0 0 0 0 0 0 0 0 0 0 19 4 5 -15 4 13 -5 9 -18 -16 -1 11 16 -3 -5 8 -18 14 13 -4 -17 -7 -13 7 4 13 11 -15 20 16 -16 18 1 11 -18 -16 6 0 16 8 
0 0 0 0 0 0 0 0 0 0 0 1 0 0 0 0 0 0 0 0 0 0 0 0 0 0 0 0 0 0 0 0 0 0 0 0 0 0 0 0 4 -6 0 -1 14 16 -12 16 11 -18 -7 14 -5 0 2 -19 -7 -5 -12 -8 -8 -6 -9 13 -16 -7 19 12 15 16 1 0 -8 -19 19 -15 19 -12 -18 9 
0 0 0 0 0 0 0 0 0 0 0 0 1 0 0 0 0 0 0 0 0 0 0 0 0 0 0 0 0 0 0 0 0 0 0 0 0 0 0 0 -10 -5 5 6 16 -14 9 -10 3 17 2 15 -8 15 7 -2 -11 8 -10 -16 3 11 4 15 14 5 -19 12 13 -17 3 -17 -1 -13 11 -4 -5 1 6 19 
0 0 0 0 0 0 0 0 0 0 0 0 0 1 0 0 0 0 0 0 0 0 0 0 0 0 0 0 0 0 0 0 0 0 0 0 0 0 0 0 -1 -11 13 11 -17 2 -12 -8 -11 -2 -2 12 -9 -16 9 -16 9 10 19 3 14 1 8 -6 10 0 10 -14 -20 -3 -16 1 6 20 -9 11 1 2 -16 12 
0 0 0 0 0 0 0 0 0 0 0 0 0 0 1 0 0 0 0 0 0 0 0 0 0 0 0 0 0 0 0 0 0 0 0 0 0 0 0 0 -19 3 5 -8 9 -7 -1 -3 -15 -1 -19 -20 20 10 -6 11 -11 -15 17 -8 2 -17 13 -11 -18 -14 20 5 8 -17 -4 9 8 -20 -19 -4 -4 2 15 1 
0 0 0 0 0 0 0 0 0 0 0 0 0 0 0 1 0 0 0 0 0 0 0 0 0 0 0 0 0 0 0 0 0 0 0 0 0 0 0 0 -20 19 1 -19 8 17 14 19 -19 10 -10 5 13 -15 14 17 -9 13 1 19 18 19 7 8 -19 10 -15 -3 -7 -18 20 -7 -20 0 -4 10 -2 -11 8 -1 
0 0 0 0 0 0 0 0 0 0 0 0 0 0 0 0 1 0 0 0 0 0 0 0 0 0 0 0 0 0 0 0 0 0 0 0 0 0 0 0 -19 -20 -17 14 -15 19 13 -2 11 -7 -2 10 -8 -16 -1 -5 17 5 12 -11 7 11 5 9 -8 -20 -2 10 -8 -15 -10 -7 -13 -5 -12 -6 -7 -20 12 -15 
0 0 0 0 0 0 0 0 0 0 0 0 0 0 0 0 0 1 0 0 0 0 0 0 0 0 0 0 0 0 0 0 0 0 0 0 0 0 0 0 -4 -9 15 10 -2 -4 -16 -6 -20 16 5 9 8 -11 -1 -19 -8 17 11 4 -17 -18 19 -9 -3 -14 5 10 -11 -1 15 7 10 11 -4 -13 -12 0 3 -10 
0 0 0 0 0 0 0 0 0 0 0 0 0 0 0 0 0 0 1 0 0 0 0 0 0 0 0 0 0 0 0 0 0 0 0 0 0 0 0 0 -3 -12 -20 -14 -1 -1 -13 13 -5 20 -2 -1 -17 -4 12 0 5 -2 -9 16 19 -13 2 9 20 18 18 -12 -1 3 -2 18 13 -1 -15 -9 18 -8 -14 -7 
0 0 0 0 0 0 0 0 0 0 0 0 0 0 0 0 0 0 0 1 0 0 0 0 0 0 0 0 0 0 0 0 0 0 0 0 0 0 0 0 -7 4 14 -4 -20 5 18 7 -16 -12 2 -17 -5 -17 14 -6 -20 13 2 1 -5 -18 -2 -11 1 5 3 -2 17 9 13 -9 -8 8 9 -8 -6 6 -20 -1 
0 0 0 0 0 0 0 0 0 0 0 0 0 0 0 0 0 0 0 0 1 0 0 0 0 0 0 0 0 0 0 0 0 0 0 0 0 0 0 0 16 2 2 -10 5 -3 6 7 -11 -10 -11 7 -8 9 16 13 -7 -2 -8 -11 -14 -13 2 -1 17 -10 13 -9 18 14 12 13 -5 -5 -16 -18 12 13 9 -18 
0 0 0 0 0 0 0 0 0 0 0 0 0 0 0 0 0 0 0 0 0 1 0 0 0 0 0 0 0 0 0 0 0 0 0 0 0 0 0 0 -18 19 9 -6 7 5 -12 -20 -18 2 -9 -9 11 16 10 8 -13 2 -20 -15 -3 14 20 15 -10 -14 17 -17 19 7 -15 -18 5 15 -2 -6 1 8 -4 5 
0 0 0 0 0 0 0 0 0 0 0 0 0 0 0 0 0 0 0 0 0 0 1 0 0 0 0 0 0 0 0 0 0 0 0 0 0 0 0 0 -11 9 16 -18 4 5 12 12 -11 14 19 8 7 20 2 19 -13 -2 -19 -15 -15 -12 -11 12 -16 7 -13 5 -6 5 -10 6 -6 -13 8 18 13 -1 11 -17 
0 0 0 0 0 0 0 0 0 0 0 0 0 0 0 0 0 0 0 0 0 0 0 1 0 0 0 0 0 0 0 0 0 0 0 0 0 0 0 0 -8 11 11 -20 11 -5 -20 18 13 -19 -15 20 -9 -6 14 -4 -17 -20 -18 -3 6 -8 -18 -19 2 12 -20 -4 -10 12 -1 4 4 -9 6 -4 6 8 -4 1 
0 0 0 0 0 0 0 0 0 0 0 0 0 0 0 0 0 0 0 0 0 0 0 0 1 0 0 0 0 0 0 0 0 0 0 0 0 0 0 0 9 1 2 -20 17 -5 -2 20 -2 0 -1 -15 15 1 -14 -4 -7 -14 12 5 20 -8 -9 4 3 19 -19 -9 7 -3 14 -3 20 -5 -1 17 11 17 18 -10 
0 0 0 0 0 0 0 0 0 0 0 0 0 0 0 0 0 0 0 0 0 0 0 0 0 1 0 0 0 0 0 0 0 0 0 0 0 0 0 0 -1 -4 -5 -7 20 1 9 -6 9 2 -20 9 14 -7 -6 -2 -8 -3 9 -20 15 2 -3 14 20 19 12 12 15 12 -19 -7 -11 -4 8 -10 19 -4 4 9 
0 0 0 0 0 0 0 0 0 0 0 0 0 0 0 0 0 0 0 0 0 0 0 0 0 0 1 0 0 0 0 0 0 0 0 0 0 0 0 0 20 7 -1 13 20 13 -7 -7 -8 -19 -7 -14 6 13 -19 7 11 16 -2 7 7 -1 -18 16 17 10 -12 15 -12 12 5 -13 0 -16 -18 2 19 -5 15 -10 
0 0 0 0 0 0 0 0 0 0 0 0 0 0 0 0 0 0 0 0 0 0 0 0 0 0 0 1 0 0 0 0 0 0 0 0 0 0 0 0 -2 -10 -4 -15 -16 0 12 15 -5 -11 3 -19 8 5 19 6 -3 -14 2 5 -20 -13 14 2 -9 16 -17 -11 -8 19 0 11 -10 18 16 -6 -3 8 -10 12 
0 0 0 0 0 0 0 0 0 0 0 0 0 0 0 0 0 0 0 0 0 0 0 0 0 0 0 0 1 0 0 0 0 0 0 0 0 0 0 0 19 13 15 7 0 16 -6 17 -17 17 1 -17 -17 -4 6 -6 -6 9 3 6 9 -16 -4 19 -18 -6 -8 -1 -19 4 -7 20 -3 -13 8 17 -18 -18 13 -14 
0 0 0 0 0 0 0 0 0 0 0 0 0 0 0 0 0 0 0 0 0 0 0 0 0 0 0 0 0 1 0 0 0 0 0 0 0 0 0 0 19 -5 -9 -17 13 19 -3 -14 10 -19 13 -2 -14 -12 -1 -12 4 13 9 7 -3 -19 7 14 -11 -4 12 -7 0 6 1 0 -20 15 3 13 13 20 -19 4 
0 0 0 0 0 0 0 0 0 0 0 0 0 0 0 0 0 0 0 0 0 0 0 0 0 0 0 0 0 0 1 0 0 0 0 0 0 0 0 0 -19 14 -18 -13 -17 3 -3 8 -5 -15 -6 14 -13 -18 7 -2 1 0 13 -20 -15 -4 1 -13 -10 -15 -18 -16 -15 -17 11 -12 17 15 -3 -19 -3 14 9 12 
0 0 0 0 0 0 0 0 0 0 0 0 0 0 0 0 0 0 0 0 0 0 0 0 0 0 0 0 0 0 0 1 0 0 0 0 0 0 0 0 19 -15 6 -13 -13 -6 7 8 17 0 11 -19 18 -9 -9 -11 -2 -7 -5 3 -2 -15 13 -4 20 -11 -3 -4 -18 -14 -10 -17 -9 18 -8 0 -9 20 -10 -11 
0 0 0 0 0 0 0 0 0 0 0 0 0 0 0 0 0 0 0 0 0 0 0 0 0 0 0 0 0 0 0 0 1 0 0 0 0 0 0 0 1 -20 -9 -2 -7 2 7 11 17 -19 -6 -6 -13 -14 10 -14 -2 -14 5 2 -6 15 5 7 12 20 -11 -16 19 -1 -6 -1 -1 7 17 12 -12 3 2 -14 
0 0 0 0 0 0 0 0 0 0 0 0 0 0 0 0 0 0 0 0 0 0 0 0 0 0 0 0 0 0 0 0 0 1 0 0 0 0 0 0 6 18 2 13 -14 -9 -19 4 -1 6 -13 16 0 13 4 -7 12 13 -3 12 -9 13 -10 12 -1 -12 3 9 13 -13 17 -2 -16 -2 -9 -8 9 -8 18 -10 
0 0 0 0 0 0 0 0 0 0 0 0 0 0 0 0 0 0 0 0 0 0 0 0 0 0 0 0 0 0 0 0 0 0 1 0 0 0 0 0 18 -15 -13 -1 20 11 12 13 6 -10 4 19 -17 16 11 4 -17 -5 -5 16 2 -9 -7 9 10 6 -20 0 20 -20 10 17 -15 19 -3 -16 10 -10 19 -3 
0 0 0 0 0 0 0 0 0 0 0 0 0 0 0 0 0 0 0 0 0 0 0 0 0 0 0 0 0 0 0 0 0 0 0 1 0 0 0 0 1 2 -5 6 -1 -15 -11 2 1 4 -1 -16 16 14 13 7 0 16 -14 1 16 19 -2 -18 17 17 -12 8 -13 -14 -16 8 8 0 -5 -12 7 4 10 -11 
0 0 0 0 0 0 0 0 0 0 0 0 0 0 0 0 0 0 0 0 0 0 0 0 0 0 0 0 0 0 0 0 0 0 0 0 1 0 0 0 -10 -10 -6 -13 -15 -12 14 5 -17 20 -12 -20 18 6 -18 15 4 -8 4 11 -2 9 0 -13 -10 15 -5 17 1 -14 -12 13 -4 4 20 2 12 15 -12 18 
0 0 0 0 0 0 0 0 0 0 0 0 0 0 0 0 0 0 0 0 0 0 0 0 0 0 0 0 0 0 0 0 0 0 0 0 0 1 0 0 16 -4 20 14 -17 -16 10 10 -4 -7 0 15 -17 -18 -19 -7 17 -3 -8 -1 5 2 -9 -19 -15 -10 5 17 -16 15 16 -20 -7 16 16 -4 20 7 -15 -5 
0 0 0 0 0 0 0 0 0 0 0 0 0 0 0 0 0 0 0 0 0 0 0 0 0 0 0 0 0 0 0 0 0 0 0 0 0 0 1 0 -19 8 -11 -15 10 -7 0 8 12 14 -13 -4 -5 -2 -1 0 11 -17 -1 17 -20 -6 19 -7 -11 14 11 -10 2 19 6 6 6 17 13 -3 -9 -8 -16 -18 
0 0 0 0 0 0 0 0 0 0 0 0 0 0 0 0 0 0 0 0 0 0 0 0 0 0 0 0 0 0 0 0 0 0 0 0 0 0 0 1 -12 -9 1 3 12 20 -15 2 -15 6 -2 -15 -19 -3 -2 -9 -8 -12 3 17 -14 -10 2 14 -13 -6 -10 0 8 -5 3 16 8 -17 1 -1 -18 8 -18 -13 
