9 25 25 26 5 4 12 0 5 23 16 17 25 27 5 5 21 14 2 27 17 28 16 4 29 24 8 14 6 25 28 7 13 15 3 10 19 16 11 25 1 19 4 26 8 1 2 0 15 26 27 25 16 5 29 15 29 29 22 28 17 20 5 22 27 9 2 17 25 5 4 18 16 8 14 25 10 8 17 25 

3 26 6 22 23 17 28 10 23 28 3 9 3 19 7 29 19 26 11 4 30 15 5 23 16 19 25 20 15 21 9 18 16 13 7 8 30 5 16 23 

1 0 0 0 0 0 0 0 0 0 0 0 0 0 0 0 0 0 0 0 0 0 0 0 0 0 0 0 0 0 0 0 0 0 0 0 0 0 0 0 17 -14 -20 18 -5 3 19 -5 -3 -14 -8 -1 -20 -1 13 20 -9 -1 -15 -5 -3 4 14 -19 0 15 15 8 16 6 7 15 12 9 12 -12 -9 12 5 8 
0 1 0 0 0 0 0 0 0 0 0 0 0 0 0 0 0 0 0 0 0 0 0 0 0 0 0 0 0 0 0 0 0 0 0 0 0 0 0 0 20 17 -11 20 -3 -17 19 10 5 -17 -15 -19 9 -20 -15 -11 17 -19 19 15 7 5 11 0 -7 4 10 7 -3 -6 -4 -4 -8 7 -5 9 13 -5 -1 -3 
0 0 1 0 0 0 0 0 0 0 0 0 0 0 0 0 0 0 0 0 0 0 0 0 0 0 0 0 0 0 0 0 0 0 0 0 0 0 0 0 -1 6 0 -13 8 7 -2 4 9 -4 0 -3 -18 -10 20 -2 14 9 -14 -10 -17 4 6 -5 -9 -18 -14 -15 -2 7 4 19 -8 -15 -13 -19 13 6 7 3 
0 0 0 1 0 0 0 0 0 0 0 0 0 0 0 0 0 0 0 0 0 0 0 0 0 0 0 0 0 0 0 0 0 0 0 0 0 0 0 0 -17 -13 20 -14 -3 19 6 -7 10 12 5 13 -5 -9 -11 8 -5 -5 15 13 -19 -2 11 -5 6 19 -2 -2 6 -15 -18 9 -6 -19 17 13 -18 4 -15 14 
0 0 0 0 1 0 0 0 0 0 0 0 0 0 0 0 0 0 0 0 0 0 0 0 0 0 0 0 0 0 0 0 0 0 0 0 0 0 0 0 -3 11 8 13 -17 17 2 -2 -6 -3 -7 -3 17 -17 15 2 -17 -8 -19 11 -1 -17 2 13 -13 0 6 -9 -16 11 -16 1 3 12 -5 8 8 20 -12 -17 
0 0 0 0 0 1 0 0 0 0 0 0 0 0 0 0 0 0 0 0 0 0 0 0 0 0 0 0 0 0 0 0 0 0 0 0 0 0 0 0 -2 1 1 -6 6 -5 19 10 9 20 2 -12 -15 -17 -20 -8 4 6 3 10 -1 7 -10 -19 -2 8 10 -13 7 18 -9 -16 0 14 0 -15 -10 0 17 19 
0 0 0 0 0 0 1 0 0 0 0 0 0 0 0 0 0 0 0 0 0 0 0 0 0 0 0 0 0 0 0 0 0 0 0 0 0 0 0 0 0 -1 -12 5 2 -11 19 -15 17 1 15 -5 -11 -13 -1 7 17 -10 16 3 -11 -12 9 9 -19 -10 16 -7 11 13 -6 -8 -9 2 17 13 13 17 -20 10 
0 0 0 0 0 0 0 1 0 0 0 0 0 0 0 0 0 0 0 0 0 0 0 0 0 0 0 0 0 0 0 0 0 0 0 0 0 0 0 0 -3 17 -14 8 -15 7 -4 -19 17 -9 6 -13 0 -4 18 3 7 14 17 -3 6 -8 9 19 14 7 13 7 5 13 -2 -19 12 4 9 19 -9 -16 -18 -11 
0 0 0 0 0 0 0 0 1 0 0 0 0 0 0 0 0 0 0 0 0 0 0 0 0 0 0 0 0 0 0 0 0 0 0 0 0 0 0 0 -3 8 -1 19 -14 -4 4 13 -11 2 -9 15 14 -19 13 7 10 6 -5 -6 0 13 -3 -7 -3 -13 -6 10 -7 -4 -20 10 -15 -1 11 -9 16 -6 -15 -14 
0 0 0 0 0 0 0 0 0 1 0 0 0 0 0 0 0 0 0 0 0 0 0 0 0 0 0 0 0 0 0 0 0 0 0 0 0 0 0 0 16 -2 -17 9 -1 18 -3 -12 5 13 2 -15 5 -20 0 -17 -13 16 15 0 -7 16 -10 -1 -4 -18 12 -7 -4 20 0 -9 -3 3 -19 17 0 -2 -14 -15 
0 0 0 0 0 0 0 0 0 0 1 0 0 0 0 0 0 0 0 0 0 0 0 0 0 0 0 0 0 0 0 0 0 0 0 0 0 0 0 0 -10 11 -8 18 11 14 -20 19 10 18 -2 -18 13 10 3 -10 12 -5 4 -11 -4 -17 2 13 6 3 11 -15 -17 18 -8 -5 8 4 -8 0 -2 -5 -2 -13 
0 0 0 0 0 0 0 0 0 0 0 1 0 0 0 0 0 0 0 0 0 0 0 0 0 0 0 0 0 0 0 0 0 0 0 0 0 0 0 0 -8 19 -11 -14 8 15 -4 2 -11 20 11 5 -16 -7 -1 10 18 -10 18 -20 -11 -11 -4 19 16 10 -2 -7 -16 17 2 -4 17 13 4 4 7 -20 -13 16 
0 0 0 0 0 0 0 0 0 0 0 0 1 0 0 0 0 0 0 0 0 0 0 0 0 0 0 0 0 0 0 0 0 0 0 0 0 0 0 0 -19 -20 2 -14 -7 -17 18 -8 -7 15 -7 2 -14 11 2 -19 0 20 -6 7 18 16 -16 14 8 9 0 -3 11 7 -8 12 9 17 18 -17 20 16 -4 -6 
0 0 0 0 0 0 0 0 0 0 0 0 0 1 0 0 0 0 0 0 0 0 0 0 0 0 0 0 0 0 0 0 0 0 0 0 0 0 0 0 12 11 18 20 1 -1 -20 -18 0 -4 9 -2 -7 16 -9 -17 4 13 0 -6 2 14 -13 -10 10 -15 -6 11 -18 10 -14 16 0 -15 16 -18 6 18 -16 -14 
0 0 0 0 0 0 0 0 0 0 0 0 0 0 1 0 0 0 0 0 0 0 0 0 0 0 0 0 0 0 0 0 0 0 0 0 0 0 0 0 -6 16 4 9 11 17 12 -4 10 -9 12 -7 -15 19 3 17 -15 17 10 -11 8 18 -15 -13 -17 -18 -11 9 -19 -4 17 -5 -9 2 -14 -17 -1 18 -1 -10 
0 0 0 0 0 0 0 0 0 0 0 0 0 0 0 1 0 0 0 0 0 0 0 0 0 0 0 0 0 0 0 0 0 0 0 0 0 0 0 0 -9 -10 3 -2 -12 -13 -4 -4 -16 -13 5 12 -15 12 -19 -10 14 -8 -20 16 8 18 -8 -20 -1 -2 -17 20 -2 4 -9 9 14 16 -12 -16 -17 4 0 -11 
0 0 0 0 0 0 0 0 0 0 0 0 0 0 0 0 1 0 0 0 0 0 0 0 0 0 0 0 0 0 0 0 0 0 0 0 0 0 0 0 12 -14 -18 19 19 -15 -12 14 -2 -12 11 -13 -13 -15 -12 9 5 -7 10 -18 18 -19 13 13 19 -18 17 -17 7 -2 -8 0 7 -3 -2 5 2 6 0 -19 
0 0 0 0 0 0 0 0 0 0 0 0 0 0 0 0 0 1 0 0 0 0 0 0 0 0 0 0 0 0 0 0 0 0 0 0 0 0 0 0 16 -9 -11 -15 -2 -1 14 -18 14 3 -13 11 6 -19 4 5 -16 2 10 13 -18 -18 -8 9 1 10 -5 -16 -3 15 -14 -6 -13 -3 -1 5 18 -6 10 11 
0 0 0 0 0 0 0 0 0 0 0 0 0 0 0 0 0 0 1 0 0 0 0 0 0 0 0 0 0 0 0 0 0 0 0 0 0 0 0 0 20 17 4 5 20 -13 -9 -17 11 -19 16 13 -15 -11 3 8 19 18 12 -3 13 18 12 -19 -4 -10 7 -7 5 -4 -16 6 -6 10 -10 -7 19 4 -1 9 
0 0 0 0 0 0 0 0 0 0 0 0 0 0 0 0 0 0 0 1 0 0 0 0 0 0 0 0 0 0 0 0 0 0 0 0 0 0 0 0 7 -4 4 14 6 -14 1 6 -14 -8 -17 19 -8 15 20 8 -16 8 -17 11 -15 -11 -2 1 19 11 15 17 -6 -5 5 -18 11 -10 16 -2 -3 -4 -16 3 
0 0 0 0 0 0 0 0 0 0 0 0 0 0 0 0 0 0 0 0 1 0 0 0 0 0 0 0 0 0 0 0 0 0 0 0 0 0 0 0 10 -13 3 -19 -19 4 12 -13 -6 15 -20 1 -17 -2 -18 -19 -12 19 18 4 -7 4 6 -15 15 1 4 -7 19 8 18 9 15 2 12 18 -15 3 -16 1 
0 0 0 0 0 0 0 0 0 0 0 0 0 0 0 0 0 0 0 0 0 1 0 0 0 0 0 0 0 0 0 0 0 0 0 0 0 0 0 0 -3 -14 -18 2 7 -16 5 15 -18 4 -1 -3 -12 -14 2 -16 10 -15 -1 8 15 -4 -2 9 18 -10 8 -16 15 15 6 -6 -20 8 16 7 14 1 4 16 
0 0 0 0 0 0 0 0 0 0 0 0 0 0 0 0 0 0 0 0 0 0 1 0 0 0 0 0 0 0 0 0 0 0 0 0 0 0 0 0 -16 -16 -6 -6 -10 16 -2 -19 -19 19 10 16 -6 -11 7 -7 1 -6 -2 -4 -10 -15 10 -9 15 7 20 8 -11 5 5 -4 9 19 10 -19 14 -10 -18 17 
0 0 0 0 0 0 0 0 0 0 0 0 0 0 0 0 0 0 0 0 0 0 0 1 0 0 0 0 0 0 0 0 0 0 0 0 0 0 0 0 -12 14 15 5 -17 3 18 6 19 -3 -19 -11 2 13 0 -4 2 1 -17 11 -14 8 -12 15 8 -20 18 2 -10 -18 0 0 16 -4 -14 -20 19 -14 7 18 
0 0 0 0 0 0 0 0 0 0 0 0 0 0 0 0 0 0 0 0 0 0 0 0 1 0 0 0 0 0 0 0 0 0 0 0 0 0 0 0 3 10 -14 -15 3 8 1 -16 -12 7 17 -4 -4 -15 -7 -16 -15 -10 8 -3 -8 -13 19 -10 6 -15 -8 4 -7 19 1 16 11 9 -20 -5 -2 4 -1 9 
0 0 0 0 0 0 0 0 0 0 0 0 0 0 0 0 0 0 0 0 0 0 0 0 0 1 0 0 0 0 0 0 0 0 0 0 0 0 0 0 -10 -3 -16 6 4 -3 12 9 10 -1 -13 -17 9 -14 -7 -6 -7 6 20 6 6 3 1 -4 -9 4 11 10 -11 -9 -2 -1 11 2 -14 -6 -19 -20 -15 13 
0 0 0 0 0 0 0 0 0 0 0 0 0 0 0 0 0 0 0 0 0 0 0 0 0 0 1 0 0 0 0 0 0 0 0 0 0 0 0 0 1 -8 16 -11 -2 -9 5 13 17 5 0 4 -13 -17 -18 0 9 15 -11 18 -14 9 -4 19 -7 4 -8 -4 4 -3 -12 -15 10 -17 -4 -11 -6 -17 -16 -8 
0 0 0 0 0 0 0 0 0 0 0 0 0 0 0 0 0 0 0 0 0 0 0 0 0 0 0 1 0 0 0 0 0 0 0 0 0 0 0 0 10 4 19 17 7 -20 -2 -5 15 8 -6 -18 -2 10 -20 11 -4 -7 -12 -19 12 -4 -12 3 2 7 13 16 10 17 -10 -1 2 -10 -3 -9 -10 15 8 -14 
0 0 0 0 0 0 0 0 0 0 0 0 0 0 0 0 0 0 0 0 0 0 0 0 0 0 0 0 1 0 0 0 0 0 0 0 0 0 0 0 4 -18 -11 -18 14 -9 15 -9 6 -17 -7 -2 1 3 -20 -18 -11 15 -20 -20 13 -10 1 -5 0 18 8 12 15 -5 18 -2 -1 -12 2 -7 0 -1 4 -15 
0 0 0 0 0 0 0 0 0 0 0 0 0 0 0 0 0 0 0 0 0 0 0 0 0 0 0 0 0 1 0 0 0 0 0 0 0 0 0 0 4 19 5 -16 4 6 -13 13 2 -13 16 -5 -1 -4 10 -20 -4 -3 12 -10 14 11 10 -7 20 -8 6 1 13 -9 8 -4 -8 -7 0 16 -20 9 10 2 
0 0 0 0 0 0 0 0 0 0 0 0 0 0 0 0 0 0 0 0 0 0 0 0 0 0 0 0 0 0 1 0 0 0 0 0 0 0 0 0 16 5 17 -6 -17 8 -4 -1 -14 -13 9 -20 19 0 -7 20 12 -20 2 6 -9 -11 -19 3 4 4 0 6 -8 -10 -10 -10 15 -12 6 18 17 -18 -2 -18 
0 0 0 0 0 0 0 0 0 0 0 0 0 0 0 0 0 0 0 0 0 0 0 0 0 0 0 0 0 0 0 1 0 0 0 0 0 0 0 0 -11 -12 -16 -11 9 -3 -10 2 -3 12 -12 11 -17 -11 -5 9 13 16 -3 -13 -15 7 -3 -19 17 -18 -19 15 -16 -1 20 -6 8 -17 5 -2 1 16 20 20 
0 0 0 0 0 0 0 0 0 0 0 0 0 0 0 0 0 0 0 0 0 0 0 0 0 0 0 0 0 0 0 0 1 0 0 0 0 0 0 0 9 -13 10 12 -3 -13 3 -9 -18 20 -2 -11 8 15 -10 4 20 -7 -1 -17 13 -2 -1 2 1 -14 20 -17 -19 -20 -15 10 -12 15 4 7 -17 -14 20 -15 
0 0 0 0 0 0 0 0 0 0 0 0 0 0 0 0 0 0 0 0 0 0 0 0 0 0 0 0 0 0 0 0 0 1 0 0 0 0 0 0 -13 0 -6 15 -6 7 -2 -5 20 17 -1 14 -4 20 -3 20 -15 -2 -18 -12 -1 -13 19 9 -16 4 -5 -13 12 -6 -5 19 14 11 13 -10 -1 -10 7 1 
0 0 0 0 0 0 0 0 0 0 0 0 0 0 0 0 0 0 0 0 0 0 0 0 0 0 0 0 0 0 0 0 0 0 1 0 0 0 0 0 -11 -15 -6 5 -13 14 4 -8 -9 9 1 12 18 1 0 -17 -14 17 -7 18 -9 8 16 -14 0 8 -2 20 20 -15 0 -12 -8 16 16 -1 9 1 14 -18 
0 0 0 0 0 0 0 0 0 0 0 0 0 0 0 0 0 0 0 0 0 0 0 0 0 0 0 0 0 0 0 0 0 0 0 1 0 0 0 0 -11 -4 14 -11 17 -6 -8 -18 -10 5 -19 3 -6 17 12 15 4 -9 16 3 -2 -5 14 11 -8 9 -9 -19 -11 -14 -15 1 2 19 12 0 -6 -17 4 7 
0 0 0 0 0 0 0 0 0 0 0 0 0 0 0 0 0 0 0 0 0 0 0 0 0 0 0 0 0 0 0 0 0 0 0 0 1 0 0 0 11 5 -9 -16 1 -16 19 -14 -4 14 10 16 -10 5 6 3 -7 20 6 4 -13 11 -14 10 11 18 -9 -13 -19 16 16 12 2 -14 16 -15 -7 17 -9 11 
0 0 0 0 0 0 0 0 0 0 0 0 0 0 0 0 0 0 0 0 0 0 0 0 0 0 0 0 0 0 0 0 0 0 0 0 0 1 0 0 12 -18 6 -18 7 -6 7 -19 -5 -8 6 2 -16 12 -7 15 12 5 -17 13 2 19 6 -17 -13 3 -10 0 -1 2 -8 -7 6 18 -3 -7 -9 -17 -4 8 
0 0 0 0 0 0 0 0 0 0 0 0 0 0 0 0 0 0 0 0 0 0 0 0 0 0 0 0 0 0 0 0 0 0 0 0 0 0 1 0 -3 -19 -10 1 16 3 -3 7 -11 3 1 11 1 -14 17 10 9 -14 -9 -10 10 3 5 -4 1 -19 11 14 -14 -14 2 3 -10 14 -15 -13 -4 4 14 6 
0 0 0 0 0 0 0 0 0 0 0 0 0 0 0 0 0 0 0 0 0 0 0 0 0 0 0 0 0 0 0 0 0 0 0 0 0 0 0 1 -14 -4 -2 10 4 -6 -1 -6 3 11 4 -8 -5 -10 10 16 -9 0 12 -3 7 -5 -19 19 -12 -12 -15 6 13 -20 -7 -20 -4 14 12 20 -13 -9 -7 12 
