18 3 16 7 5 2 17 8 11 16 10 3 6 7 11 1 0 9 13 16 17 19 11 19 2 18 13 16 5 18 3 15 13 19 2 10 14 11 18 5 8 9 0 14 16 12 7 16 1 12 5 10 11 8 9 5 6 14 13 11 12 16 7 17 8 1 7 2 13 5 7 13 14 0 7 3 12 6 11 5 

27 18 10 27 20 28 11 15 1 29 27 0 6 6 15 17 22 4 4 25 26 11 5 27 13 25 11 26 11 15 30 5 1 9 1 21 6 12 4 5 

1 0 0 0 0 0 0 0 0 0 0 0 0 0 0 0 0 0 0 0 0 0 0 0 0 0 0 0 0 0 0 0 0 0 0 0 0 0 0 0 -11 0 12 1 1 -5 -5 17 -12 15 20 -11 10 10 10 -13 -16 -9 11 7 4 -13 -20 -8 -2 18 2 -15 -18 3 19 -9 -18 10 14 5 -16 -11 2 -6 
0 1 0 0 0 0 0 0 0 0 0 0 0 0 0 0 0 0 0 0 0 0 0 0 0 0 0 0 0 0 0 0 0 0 0 0 0 0 0 0 -17 1 3 13 -10 -5 -19 -4 8 14 -17 -9 -20 -15 5 0 -18 -11 7 -14 12 5 0 17 -4 -7 1 0 4 -16 16 9 7 0 3 18 17 6 -7 5 
0 0 1 0 0 0 0 0 0 0 0 0 0 0 0 0 0 0 0 0 0 0 0 0 0 0 0 0 0 0 0 0 0 0 0 0 0 0 0 0 -1 -2 18 1 5 3 -20 10 12 7 16 5 -7 -5 3 9 11 -16 -12 -6 -10 -15 -17 18 6 8 17 2 -6 -11 -14 13 10 -16 -4 -6 9 -4 -17 0 
0 0 0 1 0 0 0 0 0 0 0 0 0 0 0 0 0 0 0 0 0 0 0 0 0 0 0 0 0 0 0 0 0 0 0 0 0 0 0 0 -15 -19 -14 -2 -4 10 -11 -14 16 -1 3 -15 5 8 -16 -10 -5 -20 14 9 -8 -18 4 -19 -14 20 -3 17 -3 3 -4 4 4 4 -16 -19 -7 -7 -10 -10 
0 0 0 0 1 0 0 0 0 0 0 0 0 0 0 0 0 0 0 0 0 0 0 0 0 0 0 0 0 0 0 0 0 0 0 0 0 0 0 0 12 15 -2 -4 2 2 8 17 3 4 8 15 6 -9 18 14 -8 -4 10 9 19 -13 -5 4 11 -1 8 -14 14 20 -4 5 14 14 -17 -5 -2 11 -9 -20 
0 0 0 0 0 1 0 0 0 0 0 0 0 0 0 0 0 0 0 0 0 0 0 0 0 0 0 0 0 0 0 0 0 0 0 0 0 0 0 0 -6 19 17 -19 -9 16 15 3 -7 6 -6 -6 13 11 18 6 -11 7 14 -18 6 -9 9 -1 -13 12 14 5 3 -13 7 19 -13 5 -18 -1 0 17 -17 13 
0 0 0 0 0 0 1 0 0 0 0 0 0 0 0 0 0 0 0 0 0 0 0 0 0 0 0 0 0 0 0 0 0 0 0 0 0 0 0 0 5 -1 -14 -3 -11 -14 -16 -2 13 18 2 1 -9 -9 20 -2 -18 14 -18 7 -18 9 8 -11 -5 10 10 15 8 14 9 -8 -8 18 12 2 -15 18 -19 18 
0 0 0 0 0 0 0 1 0 0 0 0 0 0 0 0 0 0 0 0 0 0 0 0 0 0 0 0 0 0 0 0 0 0 0 0 0 0 0 0 16 4 -2 -12 17 0 6 -20 -5 10 10 -3 0 -3 6 15 -12 -4 9 18 -9 -1 -8 5 -4 -17 -14 3 -18 -10 1 18 16 -20 -13 12 2 13 12 17 
0 0 0 0 0 0 0 0 1 0 0 0 0 0 0 0 0 0 0 0 0 0 0 0 0 0 0 0 0 0 0 0 0 0 0 0 0 0 0 0 2 1 -7 -19 20 -19 16 -11 -1 6 -13 12 -13 -1 -4 5 4 3 -12 6 13 11 6 10 13 13 1 -5 8 -6 -9 -11 18 7 -7 17 10 -10 -12 -12 
0 0 0 0 0 0 0 0 0 1 0 0 0 0 0 0 0 0 0 0 0 0 0 0 0 0 0 0 0 0 0 0 0 0 0 0 0 0 0 0 19 -5 -19 -15 16 -3 12 1 20 20 -14 14 12 14 3 5 7 -15 20 -6 0 -8 5 -1 19 20 -3 10 -8 5 20 -10 -19 -20 -3 17 -2 -12 -3 -1 
0 0 0 0 0 0 0 0 0 0 1 0 0 0 0 0 0 0 0 0 0 0 0 0 0 0 0 0 0 0 0 0 0 0 0 0 0 0 0 0 -10 6 -5 -17 -1 20 8 -13 -15 9 3 7 -19 -12 -15 -19 -11 2 12 1 -11 11 13 -10 12 -11 -13 -11 0 6 10 12 -9 -16 15 11 -16 3 20 -11 
0 0 0 0 0 0 0 0 0 0 0 1 0 0 0 0 0 0 0 0 0 0 0 0 0 0 0 0 0 0 0 0 0 0 0 0 0 0 0 0 -7 3 18 -6 13 -18 -2 -19 6 -11 5 15 -19 -3 -15 15 7 -6 -15 -12 20 16 20 -7 20 16 -15 -17 0 -16 -6 14 7 -9 -11 -1 -5 7 3 -17 
0 0 0 0 0 0 0 0 0 0 0 0 1 0 0 0 0 0 0 0 0 0 0 0 0 0 0 0 0 0 0 0 0 0 0 0 0 0 0 0 18 -13 20 20 4 -14 14 -8 2 20 0 4 17 1 17 16 -1 -19 -19 19 -13 -3 12 15 11 -17 -5 -15 10 18 -10 8 -14 -10 9 11 -2 2 -18 -20 
0 0 0 0 0 0 0 0 0 0 0 0 0 1 0 0 0 0 0 0 0 0 0 0 0 0 0 0 0 0 0 0 0 0 0 0 0 0 0 0 3 5 4 1 -13 0 -3 6 3 0 5 10 17 -2 6 7 1 -17 15 -9 -20 -16 -20 -13 -4 9 20 17 -8 -17 17 18 8 2 -2 18 -19 17 3 6 
0 0 0 0 0 0 0 0 0 0 0 0 0 0 1 0 0 0 0 0 0 0 0 0 0 0 0 0 0 0 0 0 0 0 0 0 0 0 0 0 -2 -11 -3 -5 8 -15 -19 -10 -12 18 3 -10 -16 5 -1 2 -7 -2 -2 8 2 -4 5 -9 18 -16 -10 -20 -17 14 6 1 -16 -15 16 12 -8 20 -16 0 
0 0 0 0 0 0 0 0 0 0 0 0 0 0 0 1 0 0 0 0 0 0 0 0 0 0 0 0 0 0 0 0 0 0 0 0 0 0 0 0 17 7 12 -18 -8 -9 5 7 11 -18 -6 -6 -1 -20 8 -2 -13 18 -1 -8 11 -14 13 18 -9 11 11 3 12 15 -16 10 4 19 13 18 -11 -3 6 20 
0 0 0 0 0 0 0 0 0 0 0 0 0 0 0 0 1 0 0 0 0 0 0 0 0 0 0 0 0 0 0 0 0 0 0 0 0 0 0 0 1 -18 -6 -19 -16 -19 0 -9 -20 19 5 14 -16 -2 11 -2 -10 1 -18 -19 -4 -11 13 -19 -13 5 19 -2 -17 4 -3 7 8 13 10 13 16 -11 -17 17 
0 0 0 0 0 0 0 0 0 0 0 0 0 0 0 0 0 1 0 0 0 0 0 0 0 0 0 0 0 0 0 0 0 0 0 0 0 0 0 0 -11 11 10 -4 -12 0 14 0 -20 18 3 -2 -14 -5 -1 -5 -18 -1 13 -13 -15 -8 14 13 -16 4 5 -18 15 11 19 -16 1 10 2 11 -9 -5 -10 -9 
0 0 0 0 0 0 0 0 0 0 0 0 0 0 0 0 0 0 1 0 0 0 0 0 0 0 0 0 0 0 0 0 0 0 0 0 0 0 0 0 -6 15 12 3 -11 -8 18 -7 12 13 1 19 -16 -4 11 -12 20 -4 -8 17 -12 -10 -18 9 -19 4 1 -8 -20 11 6 -6 5 -3 19 16 11 17 -11 2 
0 0 0 0 0 0 0 0 0 0 0 0 0 0 0 0 0 0 0 1 0 0 0 0 0 0 0 0 0 0 0 0 0 0 0 0 0 0 0 0 11 10 0 15 -13 -7 -16 -11 11 -3 -15 19 7 -13 9 9 13 -11 -18 13 -19 8 -12 8 -14 -13 3 18 -15 14 1 16 5 -19 12 13 -4 16 -19 -14 
0 0 0 0 0 0 0 0 0 0 0 0 0 0 0 0 0 0 0 0 1 0 0 0 0 0 0 0 0 0 0 0 0 0 0 0 0 0 0 0 -8 -12 -14 20 -5 15 10 -11 -15 14 -19 -12 2 -9 16 8 0 0 5 7 -4 -14 2 -20 -11 -5 15 7 -9 16 13 3 -17 -20 4 0 17 -5 9 -19 
0 0 0 0 0 0 0 0 0 0 0 0 0 0 0 0 0 0 0 0 0 1 0 0 0 0 0 0 0 0 0 0 0 0 0 0 0 0 0 0 -11 12 -9 11 -15 -14 0 5 8 -13 -8 -17 -5 16 -14 6 -9 -20 -8 2 19 -14 -16 -17 -14 11 6 -18 -15 -4 -15 -6 -10 -4 -14 -5 4 7 20 -9 
0 0 0 0 0 0 0 0 0 0 0 0 0 0 0 0 0 0 0 0 0 0 1 0 0 0 0 0 0 0 0 0 0 0 0 0 0 0 0 0 16 -7 -3 -10 -11 3 16 2 5 -11 -15 5 -5 -9 9 1 -19 -6 5 -13 12 12 3 -19 -11 10 -4 13 -2 -2 -15 -7 11 4 5 -19 -12 0 3 14 
0 0 0 0 0 0 0 0 0 0 0 0 0 0 0 0 0 0 0 0 0 0 0 1 0 0 0 0 0 0 0 0 0 0 0 0 0 0 0 0 9 8 -2 -15 20 -12 6 -18 4 -8 -11 -4 -15 13 -3 -6 4 16 -12 -19 -7 -5 -4 -17 20 -20 -13 -13 0 10 -18 -10 0 3 -5 1 11 -18 3 -5 
0 0 0 0 0 0 0 0 0 0 0 0 0 0 0 0 0 0 0 0 0 0 0 0 1 0 0 0 0 0 0 0 0 0 0 0 0 0 0 0 -4 15 13 1 7 -9 17 -8 -14 -16 -7 1 1 11 7 0 11 14 10 -8 5 12 2 -16 -6 19 5 -13 -20 -10 4 -2 -16 -4 -20 13 7 17 -16 16 
0 0 0 0 0 0 0 0 0 0 0 0 0 0 0 0 0 0 0 0 0 0 0 0 0 1 0 0 0 0 0 0 0 0 0 0 0 0 0 0 -18 -1 -4 3 -11 -18 -15 -19 18 15 -7 3 8 17 7 -16 15 -6 -9 17 6 15 -6 10 -8 -6 4 19 -8 8 16 -6 -12 -6 19 -3 -4 -17 -2 -4 
0 0 0 0 0 0 0 0 0 0 0 0 0 0 0 0 0 0 0 0 0 0 0 0 0 0 1 0 0 0 0 0 0 0 0 0 0 0 0 0 20 13 19 8 9 5 12 3 -20 -16 -1 6 19 15 -3 -10 -10 -20 -10 2 8 -12 18 18 2 16 -6 20 20 14 -5 -20 6 -7 8 -6 -20 1 19 -20 
0 0 0 0 0 0 0 0 0 0 0 0 0 0 0 0 0 0 0 0 0 0 0 0 0 0 0 1 0 0 0 0 0 0 0 0 0 0 0 0 5 -1 9 5 -7 -15 17 5 -14 -13 -14 16 -3 -17 14 19 -19 -11 20 -18 -15 -5 -18 11 10 11 -13 10 -7 -15 13 19 7 1 5 20 8 2 5 16 
0 0 0 0 0 0 0 0 0 0 0 0 0 0 0 0 0 0 0 0 0 0 0 0 0 0 0 0 1 0 0 0 0 0 0 0 0 0 0 0 11 13 14 -13 19 7 -13 20 18 -14 -19 -18 1 -17 16 -7 16 -18 -18 -11 -11 17 -11 16 -3 16 18 -13 -3 4 -18 -13 -2 16 -4 -4 4 3 -5 4 
0 0 0 0 0 0 0 0 0 0 0 0 0 0 0 0 0 0 0 0 0 0 0 0 0 0 0 0 0 1 0 0 0 0 0 0 0 0 0 0 10 -4 6 -8 2 1 5 -3 5 10 8 17 6 19 14 -17 15 13 -8 -9 -2 -4 1 17 -8 17 -8 18 0 10 1 -9 -15 -11 3 7 12 -10 -14 -1 
0 0 0 0 0 0 0 0 0 0 0 0 0 0 0 0 0 0 0 0 0 0 0 0 0 0 0 0 0 0 1 0 0 0 0 0 0 0 0 0 20 16 -5 5 15 -10 10 9 -17 -19 -19 1 -2 2 -1 12 1 12 11 -18 1 -8 -7 8 3 18 -3 -6 -11 5 13 -12 0 -11 14 -6 0 5 -16 5 
0 0 0 0 0 0 0 0 0 0 0 0 0 0 0 0 0 0 0 0 0 0 0 0 0 0 0 0 0 0 0 1 0 0 0 0 0 0 0 0 7 -14 -13 -14 10 9 20 -10 0 10 -6 -18 -17 7 12 6 7 -12 -18 16 13 15 -16 -7 -14 20 9 8 4 14 -6 -8 -19 1 0 11 -9 -1 -17 13 
0 0 0 0 0 0 0 0 0 0 0 0 0 0 0 0 0 0 0 0 0 0 0 0 0 0 0 0 0 0 0 0 1 0 0 0 0 0 0 0 -9 -3 15 -4 -14 7 -18 13 17 -16 10 12 -20 14 -14 -14 15 15 14 1 8 -11 15 9 13 -5 2 -17 16 5 17 -12 -19 11 5 -11 -1 9 -19 -2 
0 0 0 0 0 0 0 0 0 0 0 0 0 0 0 0 0 0 0 0 0 0 0 0 0 0 0 0 0 0 0 0 0 1 0 0 0 0 0 0 15 12 -11 17 7 -5 -17 4 -9 19 -14 -19 -10 -20 10 -18 -3 -9 -15 -5 18 -19 3 -19 15 -11 -10 -5 18 -6 13 14 -13 -17 11 16 0 16 -1 12 
0 0 0 0 0 0 0 0 0 0 0 0 0 0 0 0 0 0 0 0 0 0 0 0 0 0 0 0 0 0 0 0 0 0 1 0 0 0 0 0 16 5 13 -15 8 4 -13 -16 18 -7 -1 17 -6 -16 18 -12 -7 -10 6 -7 4 -2 -14 13 4 17 8 -15 14 -13 19 10 14 11 15 1 -3 -18 8 -4 
0 0 0 0 0 0 0 0 0 0 0 0 0 0 0 0 0 0 0 0 0 0 0 0 0 0 0 0 0 0 0 0 0 0 0 1 0 0 0 0 -5 -12 -8 11 -6 -8 -19 10 2 7 -18 -13 -14 -10 20 12 -11 7 18 -18 16 16 12 10 9 7 -8 -13 11 -19 3 -13 -8 17 18 6 -12 -20 -5 10 
0 0 0 0 0 0 0 0 0 0 0 0 0 0 0 0 0 0 0 0 0 0 0 0 0 0 0 0 0 0 0 0 0 0 0 0 1 0 0 0 9 -1 19 18 10 18 9 19 5 8 -20 0 4 15 -9 -6 1 6 1 -9 9 -15 -2 -20 -19 -3 9 -10 0 -15 -19 -12 5 -20 -13 -4 18 17 -4 4 
0 0 0 0 0 0 0 0 0 0 0 0 0 0 0 0 0 0 0 0 0 0 0 0 0 0 0 0 0 0 0 0 0 0 0 0 0 1 0 0 4 -2 -14 -11 -8 -1 3 15 -16 -15 -15 14 -10 5 16 -6 -16 6 4 4 12 7 14 -2 7 -19 16 7 20 -9 -10 5 11 -2 15 -17 18 -1 18 -19 
0 0 0 0 0 0 0 0 0 0 0 0 0 0 0 0 0 0 0 0 0 0 0 0 0 0 0 0 0 0 0 0 0 0 0 0 0 0 1 0 7 -15 17 19 12 15 -8 18 0 18 3 -7 5 -3 11 -7 0 6 -19 1 19 -6 -15 10 12 -19 15 9 1 14 13 -11 -20 11 -13 13 7 2 10 -13 
0 0 0 0 0 0 0 0 0 0 0 0 0 0 0 0 0 0 0 0 0 0 0 0 0 0 0 0 0 0 0 0 0 0 0 0 0 0 0 1 -1 -7 2 -15 12 -7 1 -7 -20 2 14 -19 18 19 13 10 -20 7 0 3 2 -8 14 3 -15 -20 -3 12 4 -12 19 -17 3 3 -10 -6 16 13 9 18 
