1 2 1 1 7 5 0 1 9 0 7 7 9 4 4 2 6 9 1 1 4 4 1 2 2 6 5 4 4 2 0 7 6 1 8 5 9 1 6 8 3 4 7 3 0 2 5 7 1 8 0 7 4 3 0 6 2 7 3 6 0 5 5 8 8 5 4 7 6 0 6 2 6 3 7 7 7 4 6 1 

29 1 5 28 1 5 3 27 27 4 9 19 12 15 0 17 30 27 23 17 24 8 28 24 7 2 26 3 3 29 22 30 0 25 27 30 0 30 26 25 

1 0 0 0 0 0 0 0 0 0 0 0 0 0 0 0 0 0 0 0 0 0 0 0 0 0 0 0 0 0 0 0 0 0 0 0 0 0 0 0 -11 18 3 -8 17 7 -17 -10 -18 -11 12 -5 -7 4 9 17 3 12 20 18 8 -20 10 0 -19 20 13 -8 1 6 17 13 3 -1 -14 -1 -13 -11 10 -11 
0 1 0 0 0 0 0 0 0 0 0 0 0 0 0 0 0 0 0 0 0 0 0 0 0 0 0 0 0 0 0 0 0 0 0 0 0 0 0 0 0 3 6 13 -13 -3 12 12 -12 11 12 16 14 3 -4 15 2 -12 -12 -15 15 -16 18 -1 5 -17 19 12 -5 10 -19 15 -8 7 10 1 -17 1 -7 -9 
0 0 1 0 0 0 0 0 0 0 0 0 0 0 0 0 0 0 0 0 0 0 0 0 0 0 0 0 0 0 0 0 0 0 0 0 0 0 0 0 -7 -16 -11 -14 7 5 -18 -9 15 -10 -4 11 -4 -5 -10 -20 0 -10 15 15 20 16 12 -7 4 1 15 10 -19 -11 -18 -4 -7 -9 5 -19 18 7 -8 13 
0 0 0 1 0 0 0 0 0 0 0 0 0 0 0 0 0 0 0 0 0 0 0 0 0 0 0 0 0 0 0 0 0 0 0 0 0 0 0 0 20 8 5 -3 -16 17 0 5 -14 -6 -1 -13 -9 -10 1 17 13 -3 6 16 6 9 -8 -20 -19 17 -19 20 5 -6 14 6 -17 -2 -15 -12 -5 5 15 3 
0 0 0 0 1 0 0 0 0 0 0 0 0 0 0 0 0 0 0 0 0 0 0 0 0 0 0 0 0 0 0 0 0 0 0 0 0 0 0 0 19 -7 13 -9 6 -5 -13 -2 12 14 -4 -1 4 8 -1 5 6 0 4 -8 16 -1 19 -19 18 -17 -11 -6 10 -17 19 8 -2 13 -20 -15 -13 -13 6 -20 
0 0 0 0 0 1 0 0 0 0 0 0 0 0 0 0 0 0 0 0 0 0 0 0 0 0 0 0 0 0 0 0 0 0 0 0 0 0 0 0 -20 -19 -1 6 9 18 -9 -4 0 17 8 -5 -4 8 -4 -5 11 7 11 0 12 9 -11 -8 2 -11 -3 11 -1 -18 12 -1 -17 -10 -13 14 -10 -2 -11 10 
0 0 0 0 0 0 1 0 0 0 0 0 0 0 0 0 0 0 0 0 0 0 0 0 0 0 0 0 0 0 0 0 0 0 0 0 0 0 0 0 -6 18 -14 10 5 3 -14 -2 -9 17 20 -15 8 -9 -3 -11 0 14 20 -20 19 13 2 -19 -17 9 16 -7 -14 -14 -16 2 -15 -10 -6 11 15 0 -10 -14 
0 0 0 0 0 0 0 1 0 0 0 0 0 0 0 0 0 0 0 0 0 0 0 0 0 0 0 0 0 0 0 0 0 0 0 0 0 0 0 0 -3 -11 -9 -16 0 10 -5 -18 3 -4 -18 1 -11 4 5 -8 -8 2 7 0 8 13 -18 14 -18 -4 6 20 16 18 -15 -6 -14 -2 -2 9 -13 15 13 12 
0 0 0 0 0 0 0 0 1 0 0 0 0 0 0 0 0 0 0 0 0 0 0 0 0 0 0 0 0 0 0 0 0 0 0 0 0 0 0 0 -9 15 -5 0 1 20 14 15 3 2 -5 -8 -6 -1 -13 -2 15 15 -3 12 12 4 -14 -20 -19 6 9 -10 1 1 -18 12 -3 -1 -7 20 0 -14 15 -18 
0 0 0 0 0 0 0 0 0 1 0 0 0 0 0 0 0 0 0 0 0 0 0 0 0 0 0 0 0 0 0 0 0 0 0 0 0 0 0 0 10 -9 -6 -17 10 4 3 6 -2 -20 -3 -10 6 3 -10 10 -11 -20 20 10 3 -17 3 -19 2 16 -19 -19 -17 18 -15 13 -10 2 18 20 -15 0 5 3 
0 0 0 0 0 0 0 0 0 0 1 0 0 0 0 0 0 0 0 0 0 0 0 0 0 0 0 0 0 0 0 0 0 0 0 0 0 0 0 0 2 -19 15 -12 7 -14 18 16 -14 19 7 11 -18 -11 13 6 -14 16 8 -11 13 13 -19 -18 -6 19 -17 1 0 10 -16 -18 11 -20 -8 -1 -13 -11 -6 -5 
0 0 0 0 0 0 0 0 0 0 0 1 0 0 0 0 0 0 0 0 0 0 0 0 0 0 0 0 0 0 0 0 0 0 0 0 0 0 0 0 -11 -18 -12 -9 -7 -20 18 -1 16 7 10 10 -1 11 14 16 11 17 -4 -9 6 2 -5 -2 3 7 18 12 18 -7 -12 -14 -2 -4 -2 11 -2 -3 -10 -5 
0 0 0 0 0 0 0 0 0 0 0 0 1 0 0 0 0 0 0 0 0 0 0 0 0 0 0 0 0 0 0 0 0 0 0 0 0 0 0 0 -17 20 -16 4 13 18 1 5 16 20 16 3 1 -8 -19 -15 19 -20 19 18 -5 -13 -16 13 5 4 4 -17 -18 16 -2 -15 17 5 11 11 4 -8 -4 0 
0 0 0 0 0 0 0 0 0 0 0 0 0 1 0 0 0 0 0 0 0 0 0 0 0 0 0 0 0 0 0 0 0 0 0 0 0 0 0 0 -9 -9 -18 14 6 -15 -19 4 -13 20 2 5 -12 8 -3 14 -9 -18 19 -7 20 -2 0 17 -18 -8 7 7 4 -16 -12 17 -2 -8 13 -17 0 14 7 9 
0 0 0 0 0 0 0 0 0 0 0 0 0 0 1 0 0 0 0 0 0 0 0 0 0 0 0 0 0 0 0 0 0 0 0 0 0 0 0 0 13 -10 -7 -17 20 13 19 -10 15 17 5 17 -4 -14 15 -1 -1 1 -13 -16 8 -3 -19 -15 9 16 -12 -10 9 17 20 3 -13 -6 6 -14 -14 6 -1 -17 
0 0 0 0 0 0 0 0 0 0 0 0 0 0 0 1 0 0 0 0 0 0 0 0 0 0 0 0 0 0 0 0 0 0 0 0 0 0 0 0 2 -15 20 19 -8 14 -1 13 -4 8 17 -17 -16 20 -12 15 15 -4 -13 3 -5 -14 -12 2 2 16 10 9 2 -10 14 -15 -2 15 -17 10 8 4 2 -15 
0 0 0 0 0 0 0 0 0 0 0 0 0 0 0 0 1 0 0 0 0 0 0 0 0 0 0 0 0 0 0 0 0 0 0 0 0 0 0 0 -9 0 -9 -3 0 1 -6 -6 20 1 20 -6 9 -13 18 -10 -16 7 -20 6 20 14 12 -3 8 17 -12 -3 1 12 3 14 -9 16 -7 11 -4 7 -13 -5 
0 0 0 0 0 0 0 0 0 0 0 0 0 0 0 0 0 1 0 0 0 0 0 0 0 0 0 0 0 0 0 0 0 0 0 0 0 0 0 0 -11 -14 9 20 -5 6 -11 -1 -5 -8 -13 -6 -15 19 13 16 17 -18 -8 -1 14 17 -5 -14 12 8 20 -12 -4 -12 3 7 -6 -6 6 11 20 17 -9 -6 
0 0 0 0 0 0 0 0 0 0 0 0 0 0 0 0 0 0 1 0 0 0 0 0 0 0 0 0 0 0 0 0 0 0 0 0 0 0 0 0 -12 -2 10 -6 -2 4 -11 -3 6 3 16 1 0 -10 8 -7 20 9 1 -5 17 -14 -17 -8 0 9 -18 1 6 -5 18 14 14 7 -11 -7 -9 -2 10 19 
0 0 0 0 0 0 0 0 0 0 0 0 0 0 0 0 0 0 0 1 0 0 0 0 0 0 0 0 0 0 0 0 0 0 0 0 0 0 0 0 -17 8 0 3 18 -11 18 18 18 1 -6 16 7 -2 -13 -12 -12 -9 11 14 6 8 8 1 -3 19 17 8 -3 6 8 0 -7 -13 -16 -7 -2 -19 -8 -3 
0 0 0 0 0 0 0 0 0 0 0 0 0 0 0 0 0 0 0 0 1 0 0 0 0 0 0 0 0 0 0 0 0 0 0 0 0 0 0 0 2 6 -8 -10 -15 1 0 -6 12 -9 -11 0 -20 19 -18 -3 18 19 -14 -4 7 15 18 20 -17 -19 -6 2 -16 6 19 9 -6 -9 19 1 14 1 15 8 
0 0 0 0 0 0 0 0 0 0 0 0 0 0 0 0 0 0 0 0 0 1 0 0 0 0 0 0 0 0 0 0 0 0 0 0 0 0 0 0 14 -14 -13 14 -16 -9 -9 -17 -10 -1 -1 17 -7 -4 18 -3 -1 -8 -20 4 20 19 -8 -7 -9 -8 17 -15 13 13 13 6 19 -19 0 -15 -8 13 -12 4 
0 0 0 0 0 0 0 0 0 0 0 0 0 0 0 0 0 0 0 0 0 0 1 0 0 0 0 0 0 0 0 0 0 0 0 0 0 0 0 0 -9 8 2 7 -15 0 -15 5 14 -15 -10 15 -15 2 -10 -3 14 -14 4 9 19 -2 -4 18 -1 18 -16 13 10 -8 -1 -17 -19 -20 12 -13 2 17 14 -5 
0 0 0 0 0 0 0 0 0 0 0 0 0 0 0 0 0 0 0 0 0 0 0 1 0 0 0 0 0 0 0 0 0 0 0 0 0 0 0 0 -19 -17 -8 -14 5 2 5 0 8 -12 -10 6 6 7 5 -14 4 9 -19 -4 -17 0 -1 -16 2 -10 -9 -16 -14 -14 1 -11 -11 13 -3 14 -6 -18 -4 -19 
0 0 0 0 0 0 0 0 0 0 0 0 0 0 0 0 0 0 0 0 0 0 0 0 1 0 0 0 0 0 0 0 0 0 0 0 0 0 0 0 -8 6 10 19 -8 -4 -14 17 -15 -11 -6 -12 11 13 -6 -7 -16 6 -3 -8 12 18 1 -17 13 20 17 -14 -19 -6 -10 -6 -20 20 -6 -6 -5 2 -8 2 
0 0 0 0 0 0 0 0 0 0 0 0 0 0 0 0 0 0 0 0 0 0 0 0 0 1 0 0 0 0 0 0 0 0 0 0 0 0 0 0 12 6 12 2 0 -14 15 4 14 -7 16 7 -7 -2 10 -15 -2 9 -9 1 -18 1 17 -16 2 -10 1 20 13 15 3 6 1 -5 -13 -20 3 -16 7 -4 
0 0 0 0 0 0 0 0 0 0 0 0 0 0 0 0 0 0 0 0 0 0 0 0 0 0 1 0 0 0 0 0 0 0 0 0 0 0 0 0 -3 4 -16 12 -16 15 17 4 5 -10 -16 7 13 -19 14 -5 -7 -6 -4 -13 -12 19 13 11 -5 -20 14 18 -14 2 -5 3 -15 0 -3 -11 -6 -7 15 19 
0 0 0 0 0 0 0 0 0 0 0 0 0 0 0 0 0 0 0 0 0 0 0 0 0 0 0 1 0 0 0 0 0 0 0 0 0 0 0 0 3 20 7 -4 -18 2 13 -3 16 -10 5 -14 -12 -1 19 6 -1 14 3 7 -5 19 -8 3 -2 9 12 14 -19 7 12 7 8 0 -16 12 -18 17 -12 20 
0 0 0 0 0 0 0 0 0 0 0 0 0 0 0 0 0 0 0 0 0 0 0 0 0 0 0 0 1 0 0 0 0 0 0 0 0 0 0 0 -12 15 -13 -4 -6 -14 -19 15 -19 7 2 -3 5 14 20 -16 2 13 18 5 1 11 -9 -10 -10 -3 -19 -6 -7 -8 -6 3 -14 1 20 0 9 -18 -5 11 
0 0 0 0 0 0 0 0 0 0 0 0 0 0 0 0 0 0 0 0 0 0 0 0 0 0 0 0 0 1 0 0 0 0 0 0 0 0 0 0 11 19 -13 -5 12 -12 1 -5 -20 0 20 4 -10 -7 14 3 10 18 17 -15 -11 -10 8 -5 14 9 18 2 12 -8 -8 2 -8 1 20 -17 11 2 0 12 
0 0 0 0 0 0 0 0 0 0 0 0 0 0 0 0 0 0 0 0 0 0 0 0 0 0 0 0 0 0 1 0 0 0 0 0 0 0 0 0 -18 -1 -3 -6 12 -10 17 4 -13 16 9 -2 -15 -4 14 -20 -15 11 3 19 -16 17 2 -4 0 3 1 -10 -15 -20 -17 -11 1 0 3 -5 13 2 19 -19 
0 0 0 0 0 0 0 0 0 0 0 0 0 0 0 0 0 0 0 0 0 0 0 0 0 0 0 0 0 0 0 1 0 0 0 0 0 0 0 0 -3 7 0 4 -16 -5 5 -9 -15 -11 -11 -9 -15 14 9 7 -4 -11 18 3 -9 -18 12 12 5 -3 -14 -3 19 -16 0 -5 13 20 19 18 -4 5 -12 1 
0 0 0 0 0 0 0 0 0 0 0 0 0 0 0 0 0 0 0 0 0 0 0 0 0 0 0 0 0 0 0 0 1 0 0 0 0 0 0 0 14 0 14 -19 -5 2 8 13 13 7 -4 -17 12 -11 16 -4 6 -19 15 4 -12 -6 -20 -20 -4 -19 18 12 6 -12 -5 2 10 -12 3 -16 13 -8 17 5 
0 0 0 0 0 0 0 0 0 0 0 0 0 0 0 0 0 0 0 0 0 0 0 0 0 0 0 0 0 0 0 0 0 1 0 0 0 0 0 0 -19 -6 11 13 4 6 -10 -9 9 -16 16 17 0 18 20 16 19 17 10 7 -14 -16 -12 18 -6 13 -19 -12 -16 -20 16 -13 -6 6 -19 20 -9 -9 -9 -19 
0 0 0 0 0 0 0 0 0 0 0 0 0 0 0 0 0 0 0 0 0 0 0 0 0 0 0 0 0 0 0 0 0 0 1 0 0 0 0 0 -5 -12 19 16 -13 18 13 -14 16 2 15 -16 8 -18 -19 -18 17 -15 -8 -18 -13 -13 -10 3 13 -9 5 -15 3 16 -13 20 -15 -13 17 -8 -14 10 0 -17 
0 0 0 0 0 0 0 0 0 0 0 0 0 0 0 0 0 0 0 0 0 0 0 0 0 0 0 0 0 0 0 0 0 0 0 1 0 0 0 0 -9 -6 -13 20 -2 -9 -17 -6 -2 -3 -3 5 5 9 -11 -3 -19 14 3 6 9 12 6 16 19 2 -10 -16 -7 10 -11 5 -14 -3 6 4 10 11 -20 -11 
0 0 0 0 0 0 0 0 0 0 0 0 0 0 0 0 0 0 0 0 0 0 0 0 0 0 0 0 0 0 0 0 0 0 0 0 1 0 0 0 -13 -1 14 14 -13 -16 -9 -10 19 16 17 9 7 4 5 7 -13 15 13 1 6 -19 -13 12 0 15 -4 -11 5 -2 -2 14 17 -7 8 -15 -2 -20 -5 -2 
0 0 0 0 0 0 0 0 0 0 0 0 0 0 0 0 0 0 0 0 0 0 0 0 0 0 0 0 0 0 0 0 0 0 0 0 0 1 0 0 18 -9 -14 6 17 13 -8 -16 9 -16 5 -5 -15 12 -12 6 8 6 17 -6 -17 -3 -13 20 12 17 -14 -9 17 2 9 16 15 18 1 12 10 13 16 -1 
0 0 0 0 0 0 0 0 0 0 0 0 0 0 0 0 0 0 0 0 0 0 0 0 0 0 0 0 0 0 0 0 0 0 0 0 0 0 1 0 19 2 16 -16 -5 -17 12 -18 10 10 -4 13 -12 5 15 -20 4 -20 -9 2 4 -18 -2 -1 20 19 -8 9 12 -11 -11 10 13 -16 16 -13 -12 9 -9 20 
0 0 0 0 0 0 0 0 0 0 0 0 0 0 0 0 0 0 0 0 0 0 0 0 0 0 0 0 0 0 0 0 0 0 0 0 0 0 0 1 -1 9 12 7 -7 6 9 19 9 -20 1 -8 -16 19 13 -17 17 -16 14 8 -5 -17 0 -13 -13 -3 -4 -3 -14 7 -4 7 -5 -10 -5 11 18 -16 9 6 
