9 5 9 4 2 3 4 7 0 2 2 8 3 9 1 7 7 9 4 2 7 4 4 7 3 6 1 6 2 6 2 1 1 1 8 3 5 2 0 5 6 3 3 9 4 7 9 1 6 3 5 6 9 9 3 2 8 4 8 0 0 1 4 1 4 2 5 9 6 7 6 3 2 2 4 6 9 5 7 5 

24 6 14 4 20 10 10 23 8 22 0 3 8 20 2 23 23 5 0 24 5 30 4 10 25 19 17 6 6 20 29 30 26 13 2 13 23 12 4 30 

1 0 0 0 0 0 0 0 0 0 0 0 0 0 0 0 0 0 0 0 0 0 0 0 0 0 0 0 0 0 0 0 0 0 0 0 0 0 0 0 -19 -17 -10 6 6 -6 -10 3 4 -5 2 6 16 -16 -3 13 -18 5 -18 -12 -14 -4 -6 -8 7 18 8 -11 18 -18 -17 -20 -13 -6 6 15 8 16 -3 -8 
0 1 0 0 0 0 0 0 0 0 0 0 0 0 0 0 0 0 0 0 0 0 0 0 0 0 0 0 0 0 0 0 0 0 0 0 0 0 0 0 -7 19 20 -10 -18 -4 -17 -16 -20 -13 -5 -11 3 11 1 -11 8 -10 1 7 -8 4 7 1 18 -7 -5 8 -10 12 -19 5 11 -20 16 15 -2 -20 -19 0 
0 0 1 0 0 0 0 0 0 0 0 0 0 0 0 0 0 0 0 0 0 0 0 0 0 0 0 0 0 0 0 0 0 0 0 0 0 0 0 0 -13 -2 9 11 -12 -8 -19 18 2 4 4 17 -12 -8 -3 -13 5 13 17 18 4 20 2 -4 -19 -1 -9 -1 -1 -6 20 7 12 10 -1 -19 -19 0 19 4 
0 0 0 1 0 0 0 0 0 0 0 0 0 0 0 0 0 0 0 0 0 0 0 0 0 0 0 0 0 0 0 0 0 0 0 0 0 0 0 0 -14 4 0 -4 16 19 3 3 11 2 2 -5 1 -17 13 5 5 -15 -15 -17 -1 -16 12 -8 17 -10 -7 18 13 -9 1 19 17 -18 -6 15 -19 19 -3 14 
0 0 0 0 1 0 0 0 0 0 0 0 0 0 0 0 0 0 0 0 0 0 0 0 0 0 0 0 0 0 0 0 0 0 0 0 0 0 0 0 2 -20 -12 -15 -17 -17 10 10 -12 15 14 8 -19 5 20 18 18 -7 15 10 6 -2 10 5 2 -17 -1 3 -17 18 -3 6 18 7 11 -18 10 0 13 19 
0 0 0 0 0 1 0 0 0 0 0 0 0 0 0 0 0 0 0 0 0 0 0 0 0 0 0 0 0 0 0 0 0 0 0 0 0 0 0 0 -4 8 8 -3 -6 7 -6 -9 -19 -9 -20 10 9 12 -6 -8 15 15 16 -20 12 -6 6 11 -18 -2 13 15 20 7 15 -5 -6 2 13 9 -10 -12 20 -6 
0 0 0 0 0 0 1 0 0 0 0 0 0 0 0 0 0 0 0 0 0 0 0 0 0 0 0 0 0 0 0 0 0 0 0 0 0 0 0 0 -1 -18 -17 -11 16 -1 2 11 -5 -1 13 -12 15 0 19 17 18 13 13 17 0 7 -9 16 -12 -15 4 -1 -6 6 15 15 10 18 -14 5 -2 8 -3 13 
0 0 0 0 0 0 0 1 0 0 0 0 0 0 0 0 0 0 0 0 0 0 0 0 0 0 0 0 0 0 0 0 0 0 0 0 0 0 0 0 -12 -9 -20 -18 11 -20 -20 8 13 14 4 -6 0 18 -10 11 -18 16 -11 -2 3 -17 -5 -6 -18 1 -19 2 -10 0 -4 -2 12 -4 2 2 -2 2 -10 -10 
0 0 0 0 0 0 0 0 1 0 0 0 0 0 0 0 0 0 0 0 0 0 0 0 0 0 0 0 0 0 0 0 0 0 0 0 0 0 0 0 -3 16 5 20 15 17 10 20 12 -20 -3 -3 -15 12 11 -11 -8 12 11 4 -8 -14 -19 -17 4 3 7 -19 -13 19 -7 6 15 20 5 11 16 -6 10 10 
0 0 0 0 0 0 0 0 0 1 0 0 0 0 0 0 0 0 0 0 0 0 0 0 0 0 0 0 0 0 0 0 0 0 0 0 0 0 0 0 -6 -13 -14 1 -20 19 10 -5 11 0 19 -16 6 -18 -11 -9 7 16 -8 16 15 8 2 11 7 -14 1 5 3 -9 -6 19 0 2 0 0 0 -11 17 -8 
0 0 0 0 0 0 0 0 0 0 1 0 0 0 0 0 0 0 0 0 0 0 0 0 0 0 0 0 0 0 0 0 0 0 0 0 0 0 0 0 12 18 -4 -1 20 5 11 6 1 -16 2 -5 12 -17 -15 -1 -9 8 -17 16 19 -1 15 -2 -20 -4 -20 2 7 19 15 -2 16 -8 20 15 18 10 3 0 
0 0 0 0 0 0 0 0 0 0 0 1 0 0 0 0 0 0 0 0 0 0 0 0 0 0 0 0 0 0 0 0 0 0 0 0 0 0 0 0 16 -16 17 8 -11 -17 -12 2 11 -7 -2 12 14 -8 -11 16 10 -9 -3 -4 -10 -7 15 -13 6 14 -18 5 5 5 -16 0 11 -20 -11 -19 -15 -1 3 16 
0 0 0 0 0 0 0 0 0 0 0 0 1 0 0 0 0 0 0 0 0 0 0 0 0 0 0 0 0 0 0 0 0 0 0 0 0 0 0 0 14 -20 7 7 -6 19 2 -17 -9 20 0 3 -6 -4 11 20 -9 15 4 16 1 10 -3 -7 12 9 -6 17 -13 17 15 -17 20 3 10 -7 3 -6 -3 15 
0 0 0 0 0 0 0 0 0 0 0 0 0 1 0 0 0 0 0 0 0 0 0 0 0 0 0 0 0 0 0 0 0 0 0 0 0 0 0 0 -5 19 -1 9 -6 -9 9 5 -13 -6 2 10 -16 19 -18 16 9 -2 15 19 -5 9 -19 -6 -9 11 9 15 -14 -13 11 1 -15 -9 -10 -1 3 -20 -15 12 
0 0 0 0 0 0 0 0 0 0 0 0 0 0 1 0 0 0 0 0 0 0 0 0 0 0 0 0 0 0 0 0 0 0 0 0 0 0 0 0 -6 7 2 -2 8 6 -4 -4 -16 -10 -6 -1 -20 -3 15 -7 -10 5 -11 -4 13 -19 18 18 -7 -13 -1 18 -13 4 9 1 -7 -8 -19 -20 19 -1 -2 -16 
0 0 0 0 0 0 0 0 0 0 0 0 0 0 0 1 0 0 0 0 0 0 0 0 0 0 0 0 0 0 0 0 0 0 0 0 0 0 0 0 11 15 3 11 -9 -1 -15 3 -17 -5 20 16 -4 17 16 11 -15 -6 8 -6 20 -1 17 -8 13 20 -6 11 -2 15 15 -10 9 -1 -18 -19 20 -12 7 -15 
0 0 0 0 0 0 0 0 0 0 0 0 0 0 0 0 1 0 0 0 0 0 0 0 0 0 0 0 0 0 0 0 0 0 0 0 0 0 0 0 3 6 -18 -20 4 18 12 11 -7 -1 -16 -7 20 -20 7 13 -20 -17 5 0 18 2 11 8 -18 13 11 -16 -20 -3 -11 5 -18 -7 8 8 -7 -1 -2 6 
0 0 0 0 0 0 0 0 0 0 0 0 0 0 0 0 0 1 0 0 0 0 0 0 0 0 0 0 0 0 0 0 0 0 0 0 0 0 0 0 20 2 -20 20 5 10 14 5 13 0 -14 12 -19 17 -1 -14 12 -11 -10 14 7 1 -1 11 14 -14 1 -14 7 19 15 6 3 17 7 -13 6 2 14 -2 
0 0 0 0 0 0 0 0 0 0 0 0 0 0 0 0 0 0 1 0 0 0 0 0 0 0 0 0 0 0 0 0 0 0 0 0 0 0 0 0 -18 20 -11 -15 19 10 -9 10 20 3 3 8 -17 -17 0 20 -9 -20 -15 18 -19 -19 4 6 19 -8 15 4 15 8 -16 17 9 -5 -19 7 -15 -5 -2 -14 
0 0 0 0 0 0 0 0 0 0 0 0 0 0 0 0 0 0 0 1 0 0 0 0 0 0 0 0 0 0 0 0 0 0 0 0 0 0 0 0 18 -19 16 -19 -16 -3 -20 -4 0 -13 -7 1 -11 19 -12 -11 -9 -18 13 -13 12 19 -15 2 -6 -12 -11 1 3 9 9 1 10 6 4 17 -18 6 -8 2 
0 0 0 0 0 0 0 0 0 0 0 0 0 0 0 0 0 0 0 0 1 0 0 0 0 0 0 0 0 0 0 0 0 0 0 0 0 0 0 0 13 7 -16 -17 8 -6 -8 -20 -4 -13 -13 -11 -15 -8 12 1 0 -18 -17 -15 11 14 6 1 -1 -9 -3 4 17 11 -13 11 -1 -8 15 -14 8 -12 -14 -16 
0 0 0 0 0 0 0 0 0 0 0 0 0 0 0 0 0 0 0 0 0 1 0 0 0 0 0 0 0 0 0 0 0 0 0 0 0 0 0 0 -3 -5 -5 5 9 -14 -15 -9 -12 -9 -4 -19 -16 -17 4 4 -6 -18 -13 -10 13 -6 -18 -7 8 19 0 -4 -13 8 2 6 -15 17 -10 14 -15 -4 -14 -5 
0 0 0 0 0 0 0 0 0 0 0 0 0 0 0 0 0 0 0 0 0 0 1 0 0 0 0 0 0 0 0 0 0 0 0 0 0 0 0 0 9 2 -4 13 5 20 -2 19 -19 5 -10 16 -19 -5 -11 11 -7 11 -12 2 0 12 -12 5 11 -2 1 16 16 7 -10 4 -9 9 -1 16 8 17 17 12 
0 0 0 0 0 0 0 0 0 0 0 0 0 0 0 0 0 0 0 0 0 0 0 1 0 0 0 0 0 0 0 0 0 0 0 0 0 0 0 0 4 -12 7 7 3 18 -3 17 8 8 0 -12 -1 8 15 -11 -12 -3 -14 -15 -14 -1 12 -3 -13 -10 -6 17 -14 -10 8 12 1 -3 -2 -17 -6 18 -19 -18 
0 0 0 0 0 0 0 0 0 0 0 0 0 0 0 0 0 0 0 0 0 0 0 0 1 0 0 0 0 0 0 0 0 0 0 0 0 0 0 0 5 2 -8 -15 -9 -14 -3 1 6 3 7 12 -19 -2 -12 -10 10 2 -13 18 15 17 10 -5 -7 -11 0 8 -14 4 10 13 -13 -17 19 -2 -11 -5 20 15 
0 0 0 0 0 0 0 0 0 0 0 0 0 0 0 0 0 0 0 0 0 0 0 0 0 1 0 0 0 0 0 0 0 0 0 0 0 0 0 0 20 8 8 -19 -15 16 -7 17 0 0 14 -4 -3 5 13 12 15 -8 -1 -20 16 -10 16 -16 -7 14 3 5 -10 4 1 -11 -9 -11 -8 -2 -16 6 -6 6 
0 0 0 0 0 0 0 0 0 0 0 0 0 0 0 0 0 0 0 0 0 0 0 0 0 0 1 0 0 0 0 0 0 0 0 0 0 0 0 0 -13 -11 -19 6 15 14 -2 11 -12 17 13 -15 -11 8 -10 2 1 15 -14 13 -2 10 -18 11 19 -6 -12 -16 20 4 11 -13 15 14 15 11 10 -8 1 18 
0 0 0 0 0 0 0 0 0 0 0 0 0 0 0 0 0 0 0 0 0 0 0 0 0 0 0 1 0 0 0 0 0 0 0 0 0 0 0 0 -9 -6 -16 0 -17 -6 -17 7 -12 -8 -1 8 -19 1 -2 20 18 8 -17 17 -7 16 -15 -12 10 -18 19 1 -6 2 -2 5 18 4 -14 -20 19 -10 9 -12 
0 0 0 0 0 0 0 0 0 0 0 0 0 0 0 0 0 0 0 0 0 0 0 0 0 0 0 0 1 0 0 0 0 0 0 0 0 0 0 0 2 -12 19 3 11 -2 4 8 -14 7 7 1 5 14 9 -4 16 10 17 -10 -7 -4 17 -10 20 -17 -8 20 -7 -19 -10 15 -11 -12 -1 -19 6 -18 10 14 
0 0 0 0 0 0 0 0 0 0 0 0 0 0 0 0 0 0 0 0 0 0 0 0 0 0 0 0 0 1 0 0 0 0 0 0 0 0 0 0 11 -4 -5 -5 -9 -15 13 -13 17 9 -1 -11 -16 -5 1 -14 0 14 -15 13 17 -5 9 -15 3 -13 -12 -9 -9 18 -16 -18 -5 1 -1 7 7 -8 16 5 
0 0 0 0 0 0 0 0 0 0 0 0 0 0 0 0 0 0 0 0 0 0 0 0 0 0 0 0 0 0 1 0 0 0 0 0 0 0 0 0 -18 -6 15 -11 11 -3 -5 -9 -10 0 -15 -14 16 15 -7 0 -17 2 11 -5 1 18 -1 19 -2 18 5 -14 -9 2 12 -6 18 8 3 8 -16 18 -20 -3 
0 0 0 0 0 0 0 0 0 0 0 0 0 0 0 0 0 0 0 0 0 0 0 0 0 0 0 0 0 0 0 1 0 0 0 0 0 0 0 0 -1 -14 5 -6 -20 19 15 -15 2 7 2 -16 4 -20 -18 -16 -20 9 -10 -9 -10 -17 7 -13 13 -9 16 18 -10 16 -6 10 -17 -20 -17 -17 19 20 -9 2 
0 0 0 0 0 0 0 0 0 0 0 0 0 0 0 0 0 0 0 0 0 0 0 0 0 0 0 0 0 0 0 0 1 0 0 0 0 0 0 0 9 13 7 -6 14 11 -2 14 0 11 -14 10 16 16 18 9 -14 15 6 -3 12 -19 -14 16 -19 -9 -20 -18 -7 -9 6 -19 -14 -6 -3 20 -15 16 15 5 
0 0 0 0 0 0 0 0 0 0 0 0 0 0 0 0 0 0 0 0 0 0 0 0 0 0 0 0 0 0 0 0 0 1 0 0 0 0 0 0 8 -18 -4 3 18 -5 -9 -16 -9 19 3 -17 20 11 -20 -17 -19 -18 -13 -4 -4 13 -1 2 -13 17 3 -6 12 -1 19 -1 1 -4 -17 -1 12 -5 5 -18 
0 0 0 0 0 0 0 0 0 0 0 0 0 0 0 0 0 0 0 0 0 0 0 0 0 0 0 0 0 0 0 0 0 0 1 0 0 0 0 0 -7 -11 -13 -5 20 -11 -2 -20 -8 5 -1 10 -1 18 -9 6 14 16 20 7 -6 20 -15 15 -2 -9 -5 -11 6 -19 -7 -20 -10 1 -5 -9 12 15 -6 -17 
0 0 0 0 0 0 0 0 0 0 0 0 0 0 0 0 0 0 0 0 0 0 0 0 0 0 0 0 0 0 0 0 0 0 0 1 0 0 0 0 1 13 15 -20 10 -15 8 4 -20 10 -10 -4 11 -2 -9 -12 9 8 -1 -4 10 13 -4 -19 -5 14 -7 -14 10 9 -8 -9 1 -14 -7 -10 -6 -18 16 -4 
0 0 0 0 0 0 0 0 0 0 0 0 0 0 0 0 0 0 0 0 0 0 0 0 0 0 0 0 0 0 0 0 0 0 0 0 1 0 0 0 12 -14 13 5 6 -15 15 -6 13 -6 12 4 -12 -13 8 3 -18 -18 11 13 11 -16 -15 -9 -7 0 1 9 2 -3 -14 -4 5 19 -20 -10 -15 17 6 19 
0 0 0 0 0 0 0 0 0 0 0 0 0 0 0 0 0 0 0 0 0 0 0 0 0 0 0 0 0 0 0 0 0 0 0 0 0 1 0 0 -10 -3 4 -2 6 -9 -18 11 -7 16 3 -17 20 10 -4 -6 -11 20 -16 13 -2 -9 -12 -18 -11 -10 -6 -3 -13 20 -5 -3 -2 -20 18 -17 -8 20 14 7 
0 0 0 0 0 0 0 0 0 0 0 0 0 0 0 0 0 0 0 0 0 0 0 0 0 0 0 0 0 0 0 0 0 0 0 0 0 0 1 0 17 -2 13 17 -11 -12 -8 0 -13 -3 -7 5 8 1 9 19 14 -18 -5 -20 -17 12 -1 1 13 -2 5 -14 0 0 13 -4 -20 5 -6 -11 16 7 12 -16 
0 0 0 0 0 0 0 0 0 0 0 0 0 0 0 0 0 0 0 0 0 0 0 0 0 0 0 0 0 0 0 0 0 0 0 0 0 0 0 1 -15 -16 12 15 7 0 15 0 5 -10 2 8 -17 -17 -11 16 3 16 -19 -18 -3 17 -1 -3 3 15 9 -2 3 0 3 10 6 -4 4 -8 16 -1 15 0 
