5 12 19 9 16 17 6 16 18 8 12 0 13 10 3 11 8 6 2 7 14 9 13 19 19 12 17 3 11 4 4 16 8 3 17 4 0 3 1 10 4 5 10 17 16 5 9 4 11 3 3 17 12 9 17 3 13 14 18 17 10 2 5 19 6 3 15 18 18 8 9 2 14 11 12 10 17 13 6 0 

24 0 25 26 7 8 27 22 3 21 3 20 18 11 12 7 18 4 5 20 16 29 3 2 6 25 1 30 16 11 3 7 10 26 0 17 1 28 6 2 

1 0 0 0 0 0 0 0 0 0 0 0 0 0 0 0 0 0 0 0 0 0 0 0 0 0 0 0 0 0 0 0 0 0 0 0 0 0 0 0 17 -18 0 8 -15 -12 -1 0 16 16 2 -6 -11 -4 15 8 -18 6 3 2 7 15 -2 11 -16 5 -19 12 3 10 12 -1 12 -9 -14 19 -1 7 -1 -4 
0 1 0 0 0 0 0 0 0 0 0 0 0 0 0 0 0 0 0 0 0 0 0 0 0 0 0 0 0 0 0 0 0 0 0 0 0 0 0 0 2 -18 11 11 -2 5 1 3 -8 -17 -16 19 18 2 9 -17 -12 13 15 13 2 6 -9 -5 19 0 -6 0 -14 15 16 11 17 8 3 -3 -6 -17 20 7 
0 0 1 0 0 0 0 0 0 0 0 0 0 0 0 0 0 0 0 0 0 0 0 0 0 0 0 0 0 0 0 0 0 0 0 0 0 0 0 0 -14 -17 7 -15 7 -2 -10 18 -10 -14 10 14 14 -19 -10 13 3 6 -6 9 2 -9 1 -1 20 -16 18 -7 -13 17 20 -4 -19 7 1 10 -16 14 7 -4 
0 0 0 1 0 0 0 0 0 0 0 0 0 0 0 0 0 0 0 0 0 0 0 0 0 0 0 0 0 0 0 0 0 0 0 0 0 0 0 0 20 -3 -9 14 0 3 8 -18 -11 -17 13 11 -6 -6 -9 -7 0 -12 9 9 -14 8 -16 -11 -4 8 20 2 1 8 20 2 -14 -10 -3 8 14 -14 12 -16 
0 0 0 0 1 0 0 0 0 0 0 0 0 0 0 0 0 0 0 0 0 0 0 0 0 0 0 0 0 0 0 0 0 0 0 0 0 0 0 0 -11 5 15 4 -20 -14 19 2 -4 7 -10 5 -3 -5 14 13 -16 15 -3 7 3 -4 -12 11 7 6 -1 2 14 -10 6 -17 17 2 7 19 8 7 0 -14 
0 0 0 0 0 1 0 0 0 0 0 0 0 0 0 0 0 0 0 0 0 0 0 0 0 0 0 0 0 0 0 0 0 0 0 0 0 0 0 0 -6 11 11 11 -13 6 5 -7 1 -19 20 -15 0 -13 16 -12 15 -4 10 9 7 -3 14 3 19 0 2 9 -14 -17 15 2 14 7 -6 -18 -8 20 -5 15 
0 0 0 0 0 0 1 0 0 0 0 0 0 0 0 0 0 0 0 0 0 0 0 0 0 0 0 0 0 0 0 0 0 0 0 0 0 0 0 0 -18 -4 20 4 4 18 12 0 -7 1 -10 -19 18 -17 5 17 5 -12 5 12 -9 1 -5 -13 -13 10 -9 -1 11 9 -4 15 -16 -3 -1 8 -6 -10 -10 10 
0 0 0 0 0 0 0 1 0 0 0 0 0 0 0 0 0 0 0 0 0 0 0 0 0 0 0 0 0 0 0 0 0 0 0 0 0 0 0 0 12 0 11 11 6 -3 7 -10 7 -7 -17 19 14 -1 -13 -18 -12 -2 4 -20 -14 20 15 -9 -4 -7 -20 13 4 -8 4 -3 15 -4 -13 0 14 17 10 2 
0 0 0 0 0 0 0 0 1 0 0 0 0 0 0 0 0 0 0 0 0 0 0 0 0 0 0 0 0 0 0 0 0 0 0 0 0 0 0 0 -9 14 2 -13 -8 9 -11 2 -11 13 2 -3 14 -2 10 -10 12 11 -16 -3 -16 8 14 19 -17 -18 -2 19 19 -12 1 -10 -17 -18 -1 -3 14 8 19 -18 
0 0 0 0 0 0 0 0 0 1 0 0 0 0 0 0 0 0 0 0 0 0 0 0 0 0 0 0 0 0 0 0 0 0 0 0 0 0 0 0 3 2 -1 -4 20 -11 8 13 -19 12 -11 -15 1 -16 -14 7 -13 6 7 -13 14 -13 -3 19 -8 18 -5 -15 6 -7 -11 -12 17 8 6 19 19 -6 11 -19 
0 0 0 0 0 0 0 0 0 0 1 0 0 0 0 0 0 0 0 0 0 0 0 0 0 0 0 0 0 0 0 0 0 0 0 0 0 0 0 0 -13 -18 -11 11 -14 -5 -3 -5 -20 -17 3 17 -7 -19 15 5 20 -10 12 5 5 -20 15 4 10 2 2 11 16 -6 12 -15 -4 -18 16 5 -3 -6 20 0 
0 0 0 0 0 0 0 0 0 0 0 1 0 0 0 0 0 0 0 0 0 0 0 0 0 0 0 0 0 0 0 0 0 0 0 0 0 0 0 0 -3 4 -2 12 6 -6 -4 5 6 -11 -9 -9 -9 -15 17 -17 7 -2 16 5 14 7 10 -10 12 7 17 -10 -20 18 10 -1 2 -11 -9 -11 4 9 14 -11 
0 0 0 0 0 0 0 0 0 0 0 0 1 0 0 0 0 0 0 0 0 0 0 0 0 0 0 0 0 0 0 0 0 0 0 0 0 0 0 0 19 -16 2 -9 -9 -2 -6 18 18 -11 4 12 19 -5 -17 10 -19 -19 -19 -17 19 12 5 2 -18 16 11 6 4 4 18 4 10 -1 16 -20 20 -9 -20 17 
0 0 0 0 0 0 0 0 0 0 0 0 0 1 0 0 0 0 0 0 0 0 0 0 0 0 0 0 0 0 0 0 0 0 0 0 0 0 0 0 1 4 8 1 20 11 -8 -18 12 -7 -12 13 -14 13 -4 -11 10 -13 17 -5 13 14 20 3 -7 17 5 -8 -11 5 -10 12 -11 19 -8 -10 11 4 -6 5 
0 0 0 0 0 0 0 0 0 0 0 0 0 0 1 0 0 0 0 0 0 0 0 0 0 0 0 0 0 0 0 0 0 0 0 0 0 0 0 0 20 2 -3 -15 -4 13 -4 -15 -19 -7 1 15 -14 0 -1 1 -2 -17 13 7 11 -17 -1 -19 -17 13 -7 14 -1 7 0 -2 -9 17 5 7 12 -19 13 13 
0 0 0 0 0 0 0 0 0 0 0 0 0 0 0 1 0 0 0 0 0 0 0 0 0 0 0 0 0 0 0 0 0 0 0 0 0 0 0 0 -6 -7 9 0 15 -11 -19 -6 -5 16 -20 -15 -20 1 -14 -17 -4 -1 20 15 -13 -1 -6 -2 -2 19 -15 -9 20 18 -17 -7 -8 15 16 -14 -17 19 0 -2 
0 0 0 0 0 0 0 0 0 0 0 0 0 0 0 0 1 0 0 0 0 0 0 0 0 0 0 0 0 0 0 0 0 0 0 0 0 0 0 0 16 2 5 17 -15 13 -19 1 -9 -18 -3 -1 4 11 17 -19 9 -19 -8 9 -20 -3 -17 -8 -7 -20 0 -1 19 20 19 15 4 4 13 9 -4 14 -9 10 
0 0 0 0 0 0 0 0 0 0 0 0 0 0 0 0 0 1 0 0 0 0 0 0 0 0 0 0 0 0 0 0 0 0 0 0 0 0 0 0 19 8 -10 2 -2 -14 5 -12 -10 19 19 -8 -3 -16 5 11 -16 -16 -11 -15 -14 -11 -19 12 15 14 2 -9 9 13 -18 7 2 -8 -10 -19 0 15 -11 12 
0 0 0 0 0 0 0 0 0 0 0 0 0 0 0 0 0 0 1 0 0 0 0 0 0 0 0 0 0 0 0 0 0 0 0 0 0 0 0 0 13 -12 -16 -8 -8 11 -18 -2 17 -7 3 -16 2 4 16 -1 -1 -3 10 -12 -11 14 17 13 -15 -11 14 7 -17 -17 -1 19 -7 3 -10 7 -5 -6 -16 -9 
0 0 0 0 0 0 0 0 0 0 0 0 0 0 0 0 0 0 0 1 0 0 0 0 0 0 0 0 0 0 0 0 0 0 0 0 0 0 0 0 7 10 -2 -10 -5 -7 9 15 11 0 -16 -19 -7 -18 15 0 -9 8 -13 -5 13 6 -5 -15 -10 7 12 7 -20 19 20 9 10 -3 -20 -16 11 12 -20 1 
0 0 0 0 0 0 0 0 0 0 0 0 0 0 0 0 0 0 0 0 1 0 0 0 0 0 0 0 0 0 0 0 0 0 0 0 0 0 0 0 -7 -16 4 7 -11 -2 -12 0 -12 -5 17 -20 -18 -9 -14 -6 20 20 -20 20 20 -18 10 9 -1 11 14 -11 4 16 12 17 -18 -2 5 -9 16 14 11 -17 
0 0 0 0 0 0 0 0 0 0 0 0 0 0 0 0 0 0 0 0 0 1 0 0 0 0 0 0 0 0 0 0 0 0 0 0 0 0 0 0 -10 8 -16 -5 -20 -8 11 -20 -7 12 -19 -7 16 12 -19 -6 4 17 6 -11 13 -1 -15 15 17 11 -13 15 6 18 20 18 7 -15 -8 8 -1 -17 10 13 
0 0 0 0 0 0 0 0 0 0 0 0 0 0 0 0 0 0 0 0 0 0 1 0 0 0 0 0 0 0 0 0 0 0 0 0 0 0 0 0 17 11 -15 12 4 -14 -13 -11 -15 15 0 18 -6 6 14 -8 -2 -20 -12 -15 20 -12 -18 7 -5 -3 -4 15 2 -15 7 0 18 12 -7 4 20 0 15 -16 
0 0 0 0 0 0 0 0 0 0 0 0 0 0 0 0 0 0 0 0 0 0 0 1 0 0 0 0 0 0 0 0 0 0 0 0 0 0 0 0 -3 -5 -19 11 -18 17 -16 2 19 -7 7 19 3 11 7 18 -13 -18 12 11 -11 0 -10 -12 -9 3 12 -9 -15 9 -5 2 -15 -1 -6 -13 -3 -2 11 -4 
0 0 0 0 0 0 0 0 0 0 0 0 0 0 0 0 0 0 0 0 0 0 0 0 1 0 0 0 0 0 0 0 0 0 0 0 0 0 0 0 13 -3 -6 -5 -11 -20 -5 -1 -16 -12 -11 -7 9 0 1 20 -16 -5 -8 -11 -17 10 13 -10 -12 -14 -1 7 7 -11 -18 -1 6 -2 17 15 0 -7 -7 6 
0 0 0 0 0 0 0 0 0 0 0 0 0 0 0 0 0 0 0 0 0 0 0 0 0 1 0 0 0 0 0 0 0 0 0 0 0 0 0 0 1 5 19 -11 -14 2 -11 -10 17 3 2 -19 -8 -6 -7 2 3 12 -11 -11 -20 -7 10 8 14 8 4 -7 -20 20 20 4 4 20 13 10 1 -17 20 -1 
0 0 0 0 0 0 0 0 0 0 0 0 0 0 0 0 0 0 0 0 0 0 0 0 0 0 1 0 0 0 0 0 0 0 0 0 0 0 0 0 7 3 2 -20 20 15 3 2 8 12 13 8 -14 4 -5 20 -8 20 -7 -6 19 -6 18 4 -5 13 -7 19 16 -6 -1 4 18 -17 5 17 20 -13 0 8 
0 0 0 0 0 0 0 0 0 0 0 0 0 0 0 0 0 0 0 0 0 0 0 0 0 0 0 1 0 0 0 0 0 0 0 0 0 0 0 0 -20 -8 -5 -14 16 13 -14 -11 14 1 6 14 17 5 -3 -7 -3 10 -9 -5 -15 11 19 -18 14 3 -20 13 12 0 2 12 14 18 -20 12 12 -12 -18 5 
0 0 0 0 0 0 0 0 0 0 0 0 0 0 0 0 0 0 0 0 0 0 0 0 0 0 0 0 1 0 0 0 0 0 0 0 0 0 0 0 11 8 -2 9 -5 15 -19 12 6 -7 -12 11 -15 -13 16 -20 12 16 13 4 -2 -3 -3 -9 -4 -1 -18 -13 9 -15 14 -1 15 -9 -13 -11 -13 -11 -17 15 
0 0 0 0 0 0 0 0 0 0 0 0 0 0 0 0 0 0 0 0 0 0 0 0 0 0 0 0 0 1 0 0 0 0 0 0 0 0 0 0 4 -7 7 9 0 2 9 -6 0 3 20 18 20 -4 -10 -5 18 -5 4 6 0 -3 -15 -4 10 -6 8 17 5 13 13 -10 -15 0 19 8 -17 9 -19 3 
0 0 0 0 0 0 0 0 0 0 0 0 0 0 0 0 0 0 0 0 0 0 0 0 0 0 0 0 0 0 1 0 0 0 0 0 0 0 0 0 -6 -20 2 -5 -2 13 13 -5 -13 -4 -17 9 16 -10 -14 5 4 14 4 -9 8 -4 1 14 18 2 1 -19 -10 4 6 6 4 -12 -19 -17 -18 16 1 -9 
0 0 0 0 0 0 0 0 0 0 0 0 0 0 0 0 0 0 0 0 0 0 0 0 0 0 0 0 0 0 0 1 0 0 0 0 0 0 0 0 -9 4 -19 -14 14 -13 14 -1 -17 -3 10 11 15 -9 6 13 15 -12 16 -14 12 1 13 -3 9 16 1 13 11 -19 -17 -17 7 -16 -8 0 -6 -15 19 -3 
0 0 0 0 0 0 0 0 0 0 0 0 0 0 0 0 0 0 0 0 0 0 0 0 0 0 0 0 0 0 0 0 1 0 0 0 0 0 0 0 4 11 -11 -2 -17 18 -8 18 -15 -13 -17 20 9 18 -4 -1 15 19 -8 5 -19 -3 11 8 4 -16 -13 18 -11 -12 -4 15 19 7 -8 -19 4 7 -20 10 
0 0 0 0 0 0 0 0 0 0 0 0 0 0 0 0 0 0 0 0 0 0 0 0 0 0 0 0 0 0 0 0 0 1 0 0 0 0 0 0 14 -15 9 4 -17 -14 -15 18 -15 -1 5 -12 16 -3 17 1 1 -15 0 12 -7 18 6 -7 5 20 -4 -12 6 -4 20 2 2 10 -15 7 17 -10 6 -17 
0 0 0 0 0 0 0 0 0 0 0 0 0 0 0 0 0 0 0 0 0 0 0 0 0 0 0 0 0 0 0 0 0 0 1 0 0 0 0 0 9 -8 -9 7 9 -11 -13 -9 -5 10 -18 10 7 8 -17 -9 10 -1 2 -5 18 1 19 -1 -7 -16 -13 -9 -4 13 -4 -13 -13 7 16 18 19 -16 -11 -7 
0 0 0 0 0 0 0 0 0 0 0 0 0 0 0 0 0 0 0 0 0 0 0 0 0 0 0 0 0 0 0 0 0 0 0 1 0 0 0 0 14 -7 -16 1 -17 -13 14 13 9 -5 -11 6 19 -12 -14 -7 -6 -5 4 10 -11 20 19 -4 8 16 -6 6 -20 5 -20 16 18 -15 -4 -20 -6 -8 15 -16 
0 0 0 0 0 0 0 0 0 0 0 0 0 0 0 0 0 0 0 0 0 0 0 0 0 0 0 0 0 0 0 0 0 0 0 0 1 0 0 0 9 -16 10 9 -8 18 -19 6 -8 5 -3 2 6 -2 20 -6 -7 -5 -19 -7 20 -16 -11 20 -9 7 20 5 -20 17 12 10 -20 1 -2 -6 1 2 -19 15 
0 0 0 0 0 0 0 0 0 0 0 0 0 0 0 0 0 0 0 0 0 0 0 0 0 0 0 0 0 0 0 0 0 0 0 0 0 1 0 0 -12 -2 -2 15 18 -2 -10 -9 15 -7 6 15 -3 17 14 8 4 15 -5 4 13 -14 -5 13 9 14 -14 -9 -3 -13 -14 5 8 6 -1 7 -15 11 18 -20 
0 0 0 0 0 0 0 0 0 0 0 0 0 0 0 0 0 0 0 0 0 0 0 0 0 0 0 0 0 0 0 0 0 0 0 0 0 0 1 0 -16 4 17 1 2 12 -9 -15 8 8 12 1 16 -12 -7 6 -17 2 18 0 11 -15 -15 0 11 4 -13 19 -3 -14 19 1 12 17 -17 -6 8 -6 1 -5 
0 0 0 0 0 0 0 0 0 0 0 0 0 0 0 0 0 0 0 0 0 0 0 0 0 0 0 0 0 0 0 0 0 0 0 0 0 0 0 1 -17 -6 18 19 3 -9 5 6 15 4 -14 7 11 -7 -13 1 19 -4 1 -5 2 1 16 -6 -3 20 8 -14 -5 -12 4 1 3 1 -1 -15 12 -15 13 8 
