17 13 1 17 1 13 15 13 16 11 6 8 19 2 2 17 11 19 17 16 16 10 9 14 0 9 13 18 16 13 19 5 18 1 14 12 14 9 5 10 12 11 11 12 5 5 9 9 4 18 17 1 1 6 7 1 7 0 11 15 14 10 1 4 3 15 16 18 17 2 0 9 5 3 1 11 9 2 0 5 

24 4 19 9 15 20 26 12 24 14 10 3 0 12 16 23 26 25 17 25 14 15 0 0 27 27 14 11 24 16 22 15 18 11 24 0 0 17 12 22 

1 0 0 0 0 0 0 0 0 0 0 0 0 0 0 0 0 0 0 0 0 0 0 0 0 0 0 0 0 0 0 0 0 0 0 0 0 0 0 0 -16 -6 -12 5 -8 16 -12 -10 -14 2 19 -20 8 18 7 4 13 15 -4 8 -1 -17 20 2 -8 5 19 5 19 13 -4 -15 -14 4 10 0 1 18 10 8 
0 1 0 0 0 0 0 0 0 0 0 0 0 0 0 0 0 0 0 0 0 0 0 0 0 0 0 0 0 0 0 0 0 0 0 0 0 0 0 0 1 8 10 -10 6 -2 17 0 -6 -8 -11 13 -3 -9 -6 9 18 -6 -5 16 -14 12 -20 -6 -3 10 17 19 9 8 8 -9 -2 -3 4 -17 15 0 5 -12 
0 0 1 0 0 0 0 0 0 0 0 0 0 0 0 0 0 0 0 0 0 0 0 0 0 0 0 0 0 0 0 0 0 0 0 0 0 0 0 0 14 17 -18 -7 -13 -2 -17 -14 14 -1 -19 20 -10 -16 -5 9 16 -9 7 7 20 -6 20 -3 13 5 2 9 -16 -12 19 -20 -16 -20 -7 -7 0 -4 1 -7 
0 0 0 1 0 0 0 0 0 0 0 0 0 0 0 0 0 0 0 0 0 0 0 0 0 0 0 0 0 0 0 0 0 0 0 0 0 0 0 0 17 3 -8 -14 9 8 16 6 -20 4 -8 20 -20 -6 -4 13 19 20 2 -17 -12 2 -15 -8 3 -2 8 -16 16 -12 -2 13 13 12 -20 1 1 18 -11 2 
0 0 0 0 1 0 0 0 0 0 0 0 0 0 0 0 0 0 0 0 0 0 0 0 0 0 0 0 0 0 0 0 0 0 0 0 0 0 0 0 2 1 3 4 15 20 -4 14 -20 20 19 -12 2 -15 3 -14 3 -10 -10 0 -2 10 -6 -7 4 -5 16 -16 -6 -16 8 18 6 -9 1 2 -8 20 -3 -8 
0 0 0 0 0 1 0 0 0 0 0 0 0 0 0 0 0 0 0 0 0 0 0 0 0 0 0 0 0 0 0 0 0 0 0 0 0 0 0 0 19 -3 1 2 2 -17 8 -14 -5 -20 9 15 12 -18 -13 -5 -1 -17 2 16 -13 -11 13 15 2 -4 -3 14 -5 16 -12 -7 -7 11 18 17 16 7 -17 -10 
0 0 0 0 0 0 1 0 0 0 0 0 0 0 0 0 0 0 0 0 0 0 0 0 0 0 0 0 0 0 0 0 0 0 0 0 0 0 0 0 7 14 -14 1 16 -6 16 -3 -3 -3 -8 6 7 -16 1 -10 0 20 -16 15 15 -6 -10 -11 -14 -11 -12 -19 16 -7 -7 5 -14 -1 -15 -19 15 -20 -2 -7 
0 0 0 0 0 0 0 1 0 0 0 0 0 0 0 0 0 0 0 0 0 0 0 0 0 0 0 0 0 0 0 0 0 0 0 0 0 0 0 0 0 10 20 -14 17 0 -4 -4 -1 2 -7 -5 18 5 7 -17 14 15 -14 9 -13 1 -7 -7 -18 0 -4 17 1 15 -10 -20 6 -11 -12 4 11 6 -20 -9 
0 0 0 0 0 0 0 0 1 0 0 0 0 0 0 0 0 0 0 0 0 0 0 0 0 0 0 0 0 0 0 0 0 0 0 0 0 0 0 0 -10 -5 6 -13 20 -6 -7 15 -10 1 5 -3 -18 -20 12 -16 0 -12 -18 -18 -16 -8 -16 12 3 -8 -4 -7 -20 -2 6 -10 13 -6 -1 14 8 14 10 19 
0 0 0 0 0 0 0 0 0 1 0 0 0 0 0 0 0 0 0 0 0 0 0 0 0 0 0 0 0 0 0 0 0 0 0 0 0 0 0 0 -5 -6 -3 -3 -6 -11 3 17 -1 5 19 3 20 -17 -4 2 -3 12 18 -3 -11 3 9 -17 17 -10 19 5 -17 8 5 0 -16 -19 17 0 -8 1 -4 11 
0 0 0 0 0 0 0 0 0 0 1 0 0 0 0 0 0 0 0 0 0 0 0 0 0 0 0 0 0 0 0 0 0 0 0 0 0 0 0 0 -14 -3 -5 -15 2 12 7 19 5 6 -2 15 -11 -14 20 -15 -4 -20 12 2 8 -4 -19 14 0 -20 -6 12 1 12 3 7 -12 18 14 10 9 3 11 -6 
0 0 0 0 0 0 0 0 0 0 0 1 0 0 0 0 0 0 0 0 0 0 0 0 0 0 0 0 0 0 0 0 0 0 0 0 0 0 0 0 -12 -12 -10 -3 -6 -9 5 13 -9 -4 -6 -19 15 -5 15 -6 -5 -10 -15 19 -18 8 5 -8 8 -1 -16 -2 -17 15 12 -9 -18 -17 9 -2 -3 -5 -10 10 
0 0 0 0 0 0 0 0 0 0 0 0 1 0 0 0 0 0 0 0 0 0 0 0 0 0 0 0 0 0 0 0 0 0 0 0 0 0 0 0 11 4 11 5 -19 8 -20 -2 18 -14 -4 -19 16 -17 -4 3 4 0 -19 7 -6 15 18 -2 -20 8 16 -1 -18 -14 -12 16 12 20 0 13 7 3 -7 6 
0 0 0 0 0 0 0 0 0 0 0 0 0 1 0 0 0 0 0 0 0 0 0 0 0 0 0 0 0 0 0 0 0 0 0 0 0 0 0 0 9 9 10 6 14 -15 -9 -3 7 -8 -15 -20 -12 -17 0 -10 13 -5 9 16 3 18 11 -5 17 -8 -11 5 15 4 -8 5 -5 -19 -7 -12 -12 4 8 15 
0 0 0 0 0 0 0 0 0 0 0 0 0 0 1 0 0 0 0 0 0 0 0 0 0 0 0 0 0 0 0 0 0 0 0 0 0 0 0 0 18 13 17 -15 18 -4 -2 11 14 -14 8 -4 -17 0 13 -19 14 -16 8 9 8 -18 -5 -16 -17 8 -7 -6 -9 -18 -12 -12 17 -15 -4 15 3 14 7 -4 
0 0 0 0 0 0 0 0 0 0 0 0 0 0 0 1 0 0 0 0 0 0 0 0 0 0 0 0 0 0 0 0 0 0 0 0 0 0 0 0 20 -4 15 -15 16 9 -12 9 13 17 -1 3 -20 17 7 -17 4 -19 -1 18 -17 8 -13 -20 15 3 17 -3 -2 3 16 0 -20 12 7 18 0 15 6 -5 
0 0 0 0 0 0 0 0 0 0 0 0 0 0 0 0 1 0 0 0 0 0 0 0 0 0 0 0 0 0 0 0 0 0 0 0 0 0 0 0 13 -13 20 13 -17 6 19 9 10 -3 6 13 -14 14 15 -20 -2 11 0 17 -5 -3 -2 -5 -12 -16 -8 10 19 -20 -14 14 -11 -15 6 -8 12 6 -18 3 
0 0 0 0 0 0 0 0 0 0 0 0 0 0 0 0 0 1 0 0 0 0 0 0 0 0 0 0 0 0 0 0 0 0 0 0 0 0 0 0 -17 9 -5 -11 4 -10 -8 -17 -18 14 -19 -2 -10 -1 15 0 3 -11 -9 4 -9 -2 -1 0 3 -14 14 -4 13 16 19 18 6 -4 -14 -9 8 0 -5 10 
0 0 0 0 0 0 0 0 0 0 0 0 0 0 0 0 0 0 1 0 0 0 0 0 0 0 0 0 0 0 0 0 0 0 0 0 0 0 0 0 -5 -4 -13 5 18 -18 -14 2 -7 0 -15 4 18 6 -17 2 13 17 -20 5 14 19 2 0 -4 10 11 -17 -8 -13 14 7 4 -18 -6 3 -14 0 -16 -1 
0 0 0 0 0 0 0 0 0 0 0 0 0 0 0 0 0 0 0 1 0 0 0 0 0 0 0 0 0 0 0 0 0 0 0 0 0 0 0 0 -19 -8 -18 19 18 -13 3 10 -15 3 -4 20 3 18 1 20 10 -7 -16 -19 1 18 8 -14 -20 -19 9 -14 4 15 8 5 -14 12 6 -14 20 -10 16 -16 
0 0 0 0 0 0 0 0 0 0 0 0 0 0 0 0 0 0 0 0 1 0 0 0 0 0 0 0 0 0 0 0 0 0 0 0 0 0 0 0 13 -8 -15 -3 -9 6 -2 -20 -19 3 -17 2 0 12 10 2 15 0 11 0 -6 -2 -15 1 -11 13 7 -10 -18 4 -5 17 18 2 -7 -9 -10 14 -7 -9 
0 0 0 0 0 0 0 0 0 0 0 0 0 0 0 0 0 0 0 0 0 1 0 0 0 0 0 0 0 0 0 0 0 0 0 0 0 0 0 0 -4 -3 15 18 -10 4 0 -16 -17 -8 7 -3 12 14 20 -18 6 8 -7 10 -6 10 8 -9 -9 -18 2 1 16 18 14 -9 -6 8 -11 6 -9 11 12 -4 
0 0 0 0 0 0 0 0 0 0 0 0 0 0 0 0 0 0 0 0 0 0 1 0 0 0 0 0 0 0 0 0 0 0 0 0 0 0 0 0 -16 -2 16 16 -9 17 18 19 5 -8 10 19 -19 -3 -9 -5 0 16 18 -3 13 12 9 -12 -1 20 14 13 12 5 -12 16 -17 -15 11 -4 -18 10 -5 9 
0 0 0 0 0 0 0 0 0 0 0 0 0 0 0 0 0 0 0 0 0 0 0 1 0 0 0 0 0 0 0 0 0 0 0 0 0 0 0 0 -18 -16 9 -15 2 20 2 -17 15 2 0 9 -7 -10 17 14 -11 10 6 -18 -5 17 18 0 -17 8 16 -15 0 -8 16 4 -3 4 9 -20 4 -7 -17 0 
0 0 0 0 0 0 0 0 0 0 0 0 0 0 0 0 0 0 0 0 0 0 0 0 1 0 0 0 0 0 0 0 0 0 0 0 0 0 0 0 15 5 -11 -11 16 -13 -18 -14 18 11 -11 -6 9 -12 14 12 19 11 20 -2 -17 15 -19 2 1 12 2 -14 -14 5 6 -20 -9 17 -11 -14 -14 -6 -5 -17 
0 0 0 0 0 0 0 0 0 0 0 0 0 0 0 0 0 0 0 0 0 0 0 0 0 1 0 0 0 0 0 0 0 0 0 0 0 0 0 0 -16 6 -1 15 14 -6 6 12 -16 7 -9 -11 2 -8 11 -16 -14 -8 -10 -8 19 18 -5 -10 17 6 -2 -18 20 15 -15 -15 0 6 20 -4 20 8 -11 -17 
0 0 0 0 0 0 0 0 0 0 0 0 0 0 0 0 0 0 0 0 0 0 0 0 0 0 1 0 0 0 0 0 0 0 0 0 0 0 0 0 -6 1 -5 18 15 -15 -19 -20 -2 -7 -5 -2 -9 10 10 -13 -3 -12 -11 -1 -16 -4 4 5 -19 6 -18 -20 -5 -9 -15 11 14 0 11 9 8 12 11 -15 
0 0 0 0 0 0 0 0 0 0 0 0 0 0 0 0 0 0 0 0 0 0 0 0 0 0 0 1 0 0 0 0 0 0 0 0 0 0 0 0 -13 -15 5 -2 17 -5 7 -6 3 16 15 9 -7 -2 -5 -4 -15 -3 -2 2 11 5 -7 4 -15 -17 -8 13 17 -17 20 -17 -10 4 3 -11 19 -11 5 3 
0 0 0 0 0 0 0 0 0 0 0 0 0 0 0 0 0 0 0 0 0 0 0 0 0 0 0 0 1 0 0 0 0 0 0 0 0 0 0 0 -16 -1 -8 -1 17 7 15 -16 -14 -6 6 17 20 -20 0 -14 -17 13 19 -18 18 20 -13 -11 5 11 -2 4 20 -18 -12 -14 1 0 5 0 -11 2 6 -5 
0 0 0 0 0 0 0 0 0 0 0 0 0 0 0 0 0 0 0 0 0 0 0 0 0 0 0 0 0 1 0 0 0 0 0 0 0 0 0 0 16 -9 -9 17 -6 13 -18 -1 5 -20 1 4 -19 9 14 7 -1 -9 -8 0 -4 0 6 17 -20 -7 -2 -9 17 -17 6 14 -3 19 11 11 11 13 -11 -2 
0 0 0 0 0 0 0 0 0 0 0 0 0 0 0 0 0 0 0 0 0 0 0 0 0 0 0 0 0 0 1 0 0 0 0 0 0 0 0 0 16 13 -19 17 1 17 5 -19 -10 17 1 6 -3 -11 4 -1 4 -16 10 0 -11 -3 -7 6 -5 -15 -2 -13 19 10 5 16 2 9 14 -16 7 -1 -13 17 
0 0 0 0 0 0 0 0 0 0 0 0 0 0 0 0 0 0 0 0 0 0 0 0 0 0 0 0 0 0 0 1 0 0 0 0 0 0 0 0 -5 10 4 12 19 -10 -8 2 -6 -19 -17 3 0 -1 -9 17 4 11 -16 4 0 11 -1 -17 1 -7 -13 -12 12 -4 -16 -12 -14 11 -20 -14 -18 -6 9 -2 
0 0 0 0 0 0 0 0 0 0 0 0 0 0 0 0 0 0 0 0 0 0 0 0 0 0 0 0 0 0 0 0 1 0 0 0 0 0 0 0 -4 14 -18 16 -8 -7 15 17 -16 19 0 6 9 -19 10 -10 -4 19 0 -13 -5 6 -5 1 -4 -3 7 0 12 -3 18 -11 -7 -20 -14 5 -5 -20 3 1 
0 0 0 0 0 0 0 0 0 0 0 0 0 0 0 0 0 0 0 0 0 0 0 0 0 0 0 0 0 0 0 0 0 1 0 0 0 0 0 0 -20 -15 -13 10 -14 19 -19 2 17 1 11 -7 -12 -13 16 5 7 5 -16 0 -19 -16 9 -6 -16 17 -19 -1 18 4 -20 20 9 -11 11 17 -13 12 -2 -17 
0 0 0 0 0 0 0 0 0 0 0 0 0 0 0 0 0 0 0 0 0 0 0 0 0 0 0 0 0 0 0 0 0 0 1 0 0 0 0 0 -6 -10 -1 5 -2 -6 -11 -14 19 -5 6 -18 -1 -4 -2 5 -8 -1 -14 -9 -17 -12 -9 14 -3 -19 11 6 16 -10 11 -9 3 -11 16 -20 4 -14 -14 2 
0 0 0 0 0 0 0 0 0 0 0 0 0 0 0 0 0 0 0 0 0 0 0 0 0 0 0 0 0 0 0 0 0 0 0 1 0 0 0 0 4 14 6 -16 -11 -16 10 1 3 18 13 8 -15 -15 4 4 -12 -4 -11 -17 6 20 -5 -10 -11 -8 -10 15 -1 -2 -4 -18 -9 -16 -14 2 -12 18 -17 13 
0 0 0 0 0 0 0 0 0 0 0 0 0 0 0 0 0 0 0 0 0 0 0 0 0 0 0 0 0 0 0 0 0 0 0 0 1 0 0 0 15 18 1 20 -16 -16 3 -8 2 12 -4 -11 12 13 0 -18 -16 10 17 5 -10 -6 7 3 -2 16 -15 6 13 -10 -1 10 -11 -19 9 -7 -13 -6 5 9 
0 0 0 0 0 0 0 0 0 0 0 0 0 0 0 0 0 0 0 0 0 0 0 0 0 0 0 0 0 0 0 0 0 0 0 0 0 1 0 0 -15 -20 18 19 15 -3 -18 -19 -11 19 6 1 -5 -5 -15 15 -8 -8 1 -16 2 -19 14 11 -16 5 -17 -7 19 9 -17 -15 11 -18 -14 8 0 -12 9 11 
0 0 0 0 0 0 0 0 0 0 0 0 0 0 0 0 0 0 0 0 0 0 0 0 0 0 0 0 0 0 0 0 0 0 0 0 0 0 1 0 -11 -4 -7 6 11 -2 0 -18 11 -18 -11 -6 -15 -16 -15 -11 9 -10 4 9 -20 7 15 14 10 -18 1 -9 -10 -9 -19 1 7 -4 -14 0 16 7 2 8 
0 0 0 0 0 0 0 0 0 0 0 0 0 0 0 0 0 0 0 0 0 0 0 0 0 0 0 0 0 0 0 0 0 0 0 0 0 0 0 1 9 13 -18 17 20 -11 -15 8 -1 10 -1 2 -2 -5 -5 -13 -3 18 -2 9 -12 1 -10 17 19 -2 -4 15 -14 -20 2 16 15 6 14 14 15 19 4 -4 
