20 7 15 29 7 8 24 15 14 8 5 26 11 12 18 5 11 0 27 5 2 28 8 16 8 19 13 22 21 29 22 11 28 8 10 5 16 26 12 22 4 9 18 15 22 29 13 25 21 2 23 15 0 23 1 9 12 14 23 3 5 16 6 25 24 17 22 2 13 4 24 18 13 5 25 27 26 0 23 9 

19 10 5 1 21 14 4 21 29 5 8 27 14 2 28 20 26 22 25 24 19 10 20 29 24 21 13 1 27 12 6 13 22 11 15 10 23 17 29 21 

1 0 0 0 0 0 0 0 0 0 0 0 0 0 0 0 0 0 0 0 0 0 0 0 0 0 0 0 0 0 0 0 0 0 0 0 0 0 0 0 -5 19 -7 -6 0 19 -3 19 -5 -8 -20 -16 -16 1 -18 19 19 -16 14 -1 -12 10 4 12 6 -10 -15 11 14 -14 5 -11 -16 18 3 4 17 -20 4 -7 
0 1 0 0 0 0 0 0 0 0 0 0 0 0 0 0 0 0 0 0 0 0 0 0 0 0 0 0 0 0 0 0 0 0 0 0 0 0 0 0 -6 6 0 0 -14 2 -1 -14 8 -6 8 16 -17 -7 9 11 5 16 2 -2 -19 -12 7 -13 -13 -8 13 -15 -6 -2 -1 10 -16 19 -10 -8 2 11 1 -11 
0 0 1 0 0 0 0 0 0 0 0 0 0 0 0 0 0 0 0 0 0 0 0 0 0 0 0 0 0 0 0 0 0 0 0 0 0 0 0 0 -14 -10 -14 -11 3 17 -20 -13 12 4 7 16 14 -4 -16 -20 10 18 -14 -17 -5 5 15 1 5 -16 16 -14 17 -4 -3 -18 6 5 -6 -10 1 -4 -1 -8 
0 0 0 1 0 0 0 0 0 0 0 0 0 0 0 0 0 0 0 0 0 0 0 0 0 0 0 0 0 0 0 0 0 0 0 0 0 0 0 0 20 -15 -11 15 3 -6 15 -8 -9 -20 -5 8 7 -10 -9 -9 -4 -14 -1 -5 4 16 -1 -11 0 13 -1 -18 -12 18 -3 -11 -16 6 -17 8 20 -20 -19 -8 
0 0 0 0 1 0 0 0 0 0 0 0 0 0 0 0 0 0 0 0 0 0 0 0 0 0 0 0 0 0 0 0 0 0 0 0 0 0 0 0 -20 -3 -18 8 9 -7 19 -14 1 0 3 -16 -5 -18 -7 18 17 14 20 -13 13 -4 -2 19 -16 4 6 -17 4 8 -2 4 -14 0 -7 17 15 -6 -16 -5 
0 0 0 0 0 1 0 0 0 0 0 0 0 0 0 0 0 0 0 0 0 0 0 0 0 0 0 0 0 0 0 0 0 0 0 0 0 0 0 0 14 8 1 -10 12 14 -13 8 9 -11 15 3 7 -7 1 11 19 -11 17 2 17 -4 -13 -16 18 1 -18 12 17 -14 -12 10 16 9 20 7 4 -11 -3 -6 
0 0 0 0 0 0 1 0 0 0 0 0 0 0 0 0 0 0 0 0 0 0 0 0 0 0 0 0 0 0 0 0 0 0 0 0 0 0 0 0 -2 -7 17 -14 8 -3 18 6 6 16 -13 4 -9 -3 10 -12 18 12 20 16 19 -11 5 16 20 6 5 3 17 -19 17 -4 -4 15 3 -16 -9 2 12 20 
0 0 0 0 0 0 0 1 0 0 0 0 0 0 0 0 0 0 0 0 0 0 0 0 0 0 0 0 0 0 0 0 0 0 0 0 0 0 0 0 -3 -19 3 8 -2 -5 16 -3 -14 17 -8 -14 -13 19 -18 -14 4 7 9 1 10 7 17 -13 1 1 -9 14 -18 -15 15 -1 -14 0 -12 4 15 -17 -20 -20 
0 0 0 0 0 0 0 0 1 0 0 0 0 0 0 0 0 0 0 0 0 0 0 0 0 0 0 0 0 0 0 0 0 0 0 0 0 0 0 0 -19 -6 -13 -12 -8 -9 -4 18 20 -14 0 11 13 -1 18 -5 20 -9 -9 -18 -4 -15 1 2 7 12 -13 1 15 -11 2 19 3 11 -12 15 -19 5 12 -18 
0 0 0 0 0 0 0 0 0 1 0 0 0 0 0 0 0 0 0 0 0 0 0 0 0 0 0 0 0 0 0 0 0 0 0 0 0 0 0 0 13 -6 13 8 13 12 -16 12 -18 -5 14 0 3 -3 -19 -11 -12 -10 11 -16 -1 -6 -16 -19 -14 -7 18 -11 20 12 -9 12 -15 -15 1 18 17 6 9 20 
0 0 0 0 0 0 0 0 0 0 1 0 0 0 0 0 0 0 0 0 0 0 0 0 0 0 0 0 0 0 0 0 0 0 0 0 0 0 0 0 -20 5 -1 5 -17 3 15 -7 13 7 -1 -6 -18 4 -5 -12 19 -5 -1 20 -14 12 11 -7 17 -6 -10 13 20 -20 14 20 7 -5 5 10 18 1 -16 12 
0 0 0 0 0 0 0 0 0 0 0 1 0 0 0 0 0 0 0 0 0 0 0 0 0 0 0 0 0 0 0 0 0 0 0 0 0 0 0 0 -11 4 -15 -9 -13 3 1 -13 18 -19 -14 -15 13 19 -2 9 -8 8 1 -9 10 -3 -7 -3 12 18 -12 9 0 -5 2 9 19 10 -19 -13 -8 4 -6 -9 
0 0 0 0 0 0 0 0 0 0 0 0 1 0 0 0 0 0 0 0 0 0 0 0 0 0 0 0 0 0 0 0 0 0 0 0 0 0 0 0 5 0 -4 -3 -2 14 -13 13 3 10 -17 -6 -14 -4 13 18 -5 -17 8 15 -2 -8 5 -2 -19 8 5 -5 -7 -20 6 20 2 -19 -2 -19 17 5 14 1 
0 0 0 0 0 0 0 0 0 0 0 0 0 1 0 0 0 0 0 0 0 0 0 0 0 0 0 0 0 0 0 0 0 0 0 0 0 0 0 0 -5 18 15 3 -7 10 3 11 13 -10 7 -10 4 -6 8 5 -19 -6 20 -3 -4 5 -4 18 8 15 19 6 -1 13 -14 16 12 -17 -1 -14 13 -17 17 5 
0 0 0 0 0 0 0 0 0 0 0 0 0 0 1 0 0 0 0 0 0 0 0 0 0 0 0 0 0 0 0 0 0 0 0 0 0 0 0 0 -7 4 17 18 18 6 4 -20 -19 4 -1 -3 -10 16 -6 -20 10 -6 6 -10 -12 15 -12 20 20 7 -14 12 12 -16 -2 -16 10 -4 -17 9 -19 10 10 -16 
0 0 0 0 0 0 0 0 0 0 0 0 0 0 0 1 0 0 0 0 0 0 0 0 0 0 0 0 0 0 0 0 0 0 0 0 0 0 0 0 -5 -12 1 5 -15 17 7 17 -8 -7 -13 1 -11 -5 0 -12 -17 8 -19 15 13 1 -20 4 17 -14 -7 20 16 -16 -17 -8 -6 6 17 0 4 6 -4 16 
0 0 0 0 0 0 0 0 0 0 0 0 0 0 0 0 1 0 0 0 0 0 0 0 0 0 0 0 0 0 0 0 0 0 0 0 0 0 0 0 -20 5 -4 -11 -19 17 -1 -16 6 0 -20 0 -20 -17 -16 19 -9 -3 18 -12 1 -20 0 17 8 -2 -4 -9 -17 15 -14 -17 -1 3 -6 1 1 13 7 -14 
0 0 0 0 0 0 0 0 0 0 0 0 0 0 0 0 0 1 0 0 0 0 0 0 0 0 0 0 0 0 0 0 0 0 0 0 0 0 0 0 -6 10 9 -4 13 13 -6 -15 -9 -9 -7 14 -7 13 10 -20 -10 -12 -9 -4 -18 -2 1 1 -18 16 -17 3 8 11 11 -16 2 -1 0 -4 -7 15 1 6 
0 0 0 0 0 0 0 0 0 0 0 0 0 0 0 0 0 0 1 0 0 0 0 0 0 0 0 0 0 0 0 0 0 0 0 0 0 0 0 0 -13 14 -1 1 8 -9 3 20 -1 15 -5 1 -6 17 -17 -4 14 -13 19 1 20 11 7 1 -10 -13 17 5 -17 -3 -9 -8 -8 12 15 20 -16 -2 -20 3 
0 0 0 0 0 0 0 0 0 0 0 0 0 0 0 0 0 0 0 1 0 0 0 0 0 0 0 0 0 0 0 0 0 0 0 0 0 0 0 0 -8 -4 -15 8 -6 -9 -17 -13 0 -17 10 -1 14 -3 -19 -15 6 18 13 11 -4 -17 -18 10 17 18 9 -19 -3 9 6 11 -14 14 -2 2 -14 3 9 6 
0 0 0 0 0 0 0 0 0 0 0 0 0 0 0 0 0 0 0 0 1 0 0 0 0 0 0 0 0 0 0 0 0 0 0 0 0 0 0 0 6 1 -14 1 20 -13 7 7 -14 -1 -3 2 4 1 -9 2 0 -19 3 17 12 -9 7 -20 -16 -14 2 -10 9 -7 18 -6 14 -17 18 15 -10 6 1 -4 
0 0 0 0 0 0 0 0 0 0 0 0 0 0 0 0 0 0 0 0 0 1 0 0 0 0 0 0 0 0 0 0 0 0 0 0 0 0 0 0 -14 20 20 10 0 -10 -9 -18 -7 17 -20 -16 -13 8 -14 -7 14 9 3 5 -17 0 19 19 3 16 13 15 1 -7 -10 9 -6 -9 -2 14 1 12 18 16 
0 0 0 0 0 0 0 0 0 0 0 0 0 0 0 0 0 0 0 0 0 0 1 0 0 0 0 0 0 0 0 0 0 0 0 0 0 0 0 0 8 19 -19 17 6 -12 -11 1 19 12 -15 -19 -7 -14 -19 18 -17 14 12 7 -12 -17 -5 2 -6 16 -3 17 7 -5 14 -4 -7 15 -8 -20 -18 3 3 -18 
0 0 0 0 0 0 0 0 0 0 0 0 0 0 0 0 0 0 0 0 0 0 0 1 0 0 0 0 0 0 0 0 0 0 0 0 0 0 0 0 -4 11 -15 9 19 -14 8 -17 20 1 10 -11 4 -13 13 20 -16 -10 18 11 5 11 -12 20 5 2 -19 10 -16 4 12 2 -6 18 -10 -6 -15 20 -2 -15 
0 0 0 0 0 0 0 0 0 0 0 0 0 0 0 0 0 0 0 0 0 0 0 0 1 0 0 0 0 0 0 0 0 0 0 0 0 0 0 0 0 -13 -4 -15 -4 -11 -16 0 -1 -17 -8 -15 14 2 -14 0 -17 -13 -11 -11 11 -17 11 -13 -18 -18 1 -13 -19 19 -6 3 -12 11 8 4 -19 14 -16 0 
0 0 0 0 0 0 0 0 0 0 0 0 0 0 0 0 0 0 0 0 0 0 0 0 0 1 0 0 0 0 0 0 0 0 0 0 0 0 0 0 17 -2 7 12 -20 13 -8 -15 20 3 -5 12 8 -13 -20 12 -8 2 20 -5 0 -5 19 10 -13 6 -6 -12 2 0 10 -2 18 -2 -10 18 -8 4 -17 -7 
0 0 0 0 0 0 0 0 0 0 0 0 0 0 0 0 0 0 0 0 0 0 0 0 0 0 1 0 0 0 0 0 0 0 0 0 0 0 0 0 -14 0 -15 15 9 -15 8 -20 9 9 -4 -9 -16 -6 -20 -7 -19 -4 4 3 16 -5 -17 16 14 -5 15 -15 -20 20 -1 -14 1 6 -18 -10 13 11 -10 2 
0 0 0 0 0 0 0 0 0 0 0 0 0 0 0 0 0 0 0 0 0 0 0 0 0 0 0 1 0 0 0 0 0 0 0 0 0 0 0 0 -1 8 13 5 -17 15 -20 -15 -9 4 10 -14 19 15 -17 14 -9 19 20 -9 18 0 0 -1 -15 4 11 20 -4 -20 1 16 11 -5 2 14 -10 2 19 1 
0 0 0 0 0 0 0 0 0 0 0 0 0 0 0 0 0 0 0 0 0 0 0 0 0 0 0 0 1 0 0 0 0 0 0 0 0 0 0 0 -13 11 9 -14 7 15 20 19 13 -20 -11 12 0 11 -8 7 -5 -18 7 11 -15 -11 8 16 5 -10 9 15 14 10 -3 -19 2 -13 -11 -12 -19 -12 -14 16 
0 0 0 0 0 0 0 0 0 0 0 0 0 0 0 0 0 0 0 0 0 0 0 0 0 0 0 0 0 1 0 0 0 0 0 0 0 0 0 0 -11 -2 8 11 -12 -19 -2 5 -14 -14 -4 -7 -5 -17 -10 -19 -5 -20 16 -9 10 -6 -8 -7 4 1 2 5 11 10 1 -19 -13 -10 15 -2 -9 -8 -18 -1 
0 0 0 0 0 0 0 0 0 0 0 0 0 0 0 0 0 0 0 0 0 0 0 0 0 0 0 0 0 0 1 0 0 0 0 0 0 0 0 0 0 0 12 17 4 -19 19 -20 -18 16 -9 14 -10 5 -13 14 -13 9 0 19 0 -20 -19 8 -8 16 -13 6 -11 -11 -16 9 10 17 6 -5 20 4 -5 -19 
0 0 0 0 0 0 0 0 0 0 0 0 0 0 0 0 0 0 0 0 0 0 0 0 0 0 0 0 0 0 0 1 0 0 0 0 0 0 0 0 -1 9 18 11 -5 -16 6 3 15 -14 3 -6 -12 4 -17 1 0 -10 -14 11 2 -8 0 -9 -10 -13 8 -10 13 -16 -7 -7 13 -8 -16 -12 -4 10 13 -8 
0 0 0 0 0 0 0 0 0 0 0 0 0 0 0 0 0 0 0 0 0 0 0 0 0 0 0 0 0 0 0 0 1 0 0 0 0 0 0 0 18 -5 9 -14 19 12 9 0 -18 17 -9 4 -12 13 17 1 20 4 13 14 8 -15 -14 3 0 -8 13 16 -16 5 -10 -19 20 19 -11 20 12 18 0 16 
0 0 0 0 0 0 0 0 0 0 0 0 0 0 0 0 0 0 0 0 0 0 0 0 0 0 0 0 0 0 0 0 0 1 0 0 0 0 0 0 16 13 1 -16 5 -3 5 6 -18 -1 -1 13 4 7 -5 -15 20 -13 -17 -15 14 -7 -12 13 -7 -2 14 -16 -3 -7 -20 -7 -15 1 -1 12 -20 -15 -1 -18 
0 0 0 0 0 0 0 0 0 0 0 0 0 0 0 0 0 0 0 0 0 0 0 0 0 0 0 0 0 0 0 0 0 0 1 0 0 0 0 0 4 18 15 -11 7 -9 -5 8 0 -2 13 -7 11 -20 -13 -17 0 -19 -11 18 -6 -11 -8 2 13 11 -5 13 16 15 17 -1 14 14 8 0 -16 -18 -11 7 
0 0 0 0 0 0 0 0 0 0 0 0 0 0 0 0 0 0 0 0 0 0 0 0 0 0 0 0 0 0 0 0 0 0 0 1 0 0 0 0 0 -19 20 -8 -16 -13 -3 6 -10 9 5 6 18 17 -13 12 9 5 6 4 -1 3 -16 -6 -2 13 15 4 17 -15 -10 -1 -11 -10 13 -5 -1 -10 -20 9 
0 0 0 0 0 0 0 0 0 0 0 0 0 0 0 0 0 0 0 0 0 0 0 0 0 0 0 0 0 0 0 0 0 0 0 0 1 0 0 0 -20 6 -6 18 4 4 12 -7 -12 -3 19 9 -19 -17 -18 -1 18 19 -17 16 -16 -7 -6 -5 5 -11 10 -15 1 10 14 1 -3 -10 0 -17 14 -9 -4 -17 
0 0 0 0 0 0 0 0 0 0 0 0 0 0 0 0 0 0 0 0 0 0 0 0 0 0 0 0 0 0 0 0 0 0 0 0 0 1 0 0 11 -4 14 12 -1 18 -7 -2 19 -2 -6 -16 13 10 -1 0 19 -12 5 -1 20 -1 20 -3 11 2 0 4 13 18 9 3 -7 2 -3 15 1 12 -6 -1 
0 0 0 0 0 0 0 0 0 0 0 0 0 0 0 0 0 0 0 0 0 0 0 0 0 0 0 0 0 0 0 0 0 0 0 0 0 0 1 0 -11 8 3 -17 0 -19 3 -2 -9 -12 20 -9 9 -20 10 -1 2 -9 -16 -3 -12 15 -19 3 -2 0 -1 19 -9 14 -2 2 1 -18 8 -20 -14 -10 1 -3 
0 0 0 0 0 0 0 0 0 0 0 0 0 0 0 0 0 0 0 0 0 0 0 0 0 0 0 0 0 0 0 0 0 0 0 0 0 0 0 1 0 2 10 -10 2 -1 9 -14 10 15 3 20 9 4 3 -12 -16 -19 -13 -3 17 7 20 -2 9 9 0 17 19 -18 -6 -1 4 -17 11 -12 5 2 -6 -6 
