1 8 6 9 1 7 2 1 9 0 1 1 7 5 5 3 0 3 8 3 0 7 4 4 1 1 9 6 2 1 3 4 9 9 5 3 8 0 4 8 

5 22 6 3 13 30 9 1 24 11 26 24 19 4 11 26 20 28 2 5 

1 0 0 0 0 0 0 0 0 0 0 0 0 0 0 0 0 0 0 0 -1 -20 2 19 11 17 11 5 5 0 19 -8 16 -20 -6 4 -17 -11 20 -7 
0 1 0 0 0 0 0 0 0 0 0 0 0 0 0 0 0 0 0 0 10 -7 4 9 -19 -6 -4 20 -8 0 -1 13 1 -18 12 -7 19 4 20 4 
0 0 1 0 0 0 0 0 0 0 0 0 0 0 0 0 0 0 0 0 -17 -20 16 -20 -20 -9 5 -17 1 4 -3 -8 19 -18 -20 -19 -1 -4 -20 13 
0 0 0 1 0 0 0 0 0 0 0 0 0 0 0 0 0 0 0 0 19 -1 6 1 3 -1 16 2 -18 17 -15 -14 17 -18 -12 17 -7 13 -18 16 
0 0 0 0 1 0 0 0 0 0 0 0 0 0 0 0 0 0 0 0 -2 -1 -13 -2 3 -11 0 -19 8 0 15 8 -19 2 -12 4 -20 -15 -13 -18 
0 0 0 0 0 1 0 0 0 0 0 0 0 0 0 0 0 0 0 0 -19 -8 -10 19 -4 -1 17 12 -7 19 7 14 -1 17 -7 -18 -13 13 -15 17 
0 0 0 0 0 0 1 0 0 0 0 0 0 0 0 0 0 0 0 0 -5 -19 4 -2 3 14 -17 3 19 -9 8 -20 5 18 -20 -17 -2 17 15 14 
0 0 0 0 0 0 0 1 0 0 0 0 0 0 0 0 0 0 0 0 18 3 7 -4 1 20 0 9 15 6 5 -9 7 -11 11 -10 -16 14 15 -15 
0 0 0 0 0 0 0 0 1 0 0 0 0 0 0 0 0 0 0 0 -14 2 -15 14 2 -13 19 20 -15 13 13 -18 -3 1 1 19 3 -20 7 -3 
0 0 0 0 0 0 0 0 0 1 0 0 0 0 0 0 0 0 0 0 8 -7 10 -3 4 0 9 9 -5 3 14 4 -13 -20 -1 9 -13 -3 10 -6 
0 0 0 0 0 0 0 0 0 0 1 0 0 0 0 0 0 0 0 0 -9 5 -3 8 -15 20 8 8 -19 -6 -14 10 8 18 -14 -9 -1 17 -19 17 
0 0 0 0 0 0 0 0 0 0 0 1 0 0 0 0 0 0 0 0 -1 15 0 8 17 -20 -4 -15 -1 -12 0 12 13 19 1 18 18 -11 8 -20 
0 0 0 0 0 0 0 0 0 0 0 0 1 0 0 0 0 0 0 0 3 16 10 -8 16 18 6 -6 16 7 -10 -5 4 12 -16 0 12 3 6 -8 
0 0 0 0 0 0 0 0 0 0 0 0 0 1 0 0 0 0 0 0 11 -13 -17 3 -13 5 2 -14 14 -9 -14 -2 -13 17 11 -18 16 -2 -2 12 
0 0 0 0 0 0 0 0 0 0 0 0 0 0 1 0 0 0 0 0 -16 9 -12 8 0 -8 -10 -6 17 18 8 7 -16 12 -11 -7 -2 12 -1 -7 
0 0 0 0 0 0 0 0 0 0 0 0 0 0 0 1 0 0 0 0 -18 5 11 -9 3 3 -5 1 -20 14 -8 -13 2 2 17 -17 16 -14 -1 13 
0 0 0 0 0 0 0 0 0 0 0 0 0 0 0 0 1 0 0 0 -15 -13 -1 -9 -20 11 4 -2 4 -18 11 8 8 3 20 -8 -12 -4 13 -12 
0 0 0 0 0 0 0 0 0 0 0 0 0 0 0 0 0 1 0 0 -11 -16 -3 13 8 -6 17 4 2 -3 -2 8 4 19 19 6 9 5 -15 -8 
0 0 0 0 0 0 0 0 0 0 0 0 0 0 0 0 0 0 1 0 7 18 -20 -4 1 -19 9 9 -3 1 19 9 8 -4 1 -3 10 -1 -18 -7 
0 0 0 0 0 0 0 0 0 0 0 0 0 0 0 0 0 0 0 1 17 0 -20 2 -1 -19 -12 -13 6 -7 2 -6 -7 4 13 14 7 1 4 -15 
