12 4 4 11 5 15 8 15 4 8 16 8 18 5 16 9 5 18 0 13 6 10 10 18 19 16 3 12 1 13 19 6 9 15 17 14 2 17 9 6 

21 29 22 22 25 11 20 29 9 21 3 1 13 26 30 7 4 9 8 18 

1 0 0 0 0 0 0 0 0 0 0 0 0 0 0 0 0 0 0 0 -20 20 -3 -5 -11 2 20 12 -13 3 20 3 11 -4 16 18 -7 7 5 14 
0 1 0 0 0 0 0 0 0 0 0 0 0 0 0 0 0 0 0 0 -1 -10 -17 -6 -17 9 -3 -3 20 2 -2 -20 1 15 -3 13 -4 -2 4 6 
0 0 1 0 0 0 0 0 0 0 0 0 0 0 0 0 0 0 0 0 -20 5 -12 13 -20 -15 10 -4 12 -5 -9 -9 7 -6 7 10 -16 -15 -11 -16 
0 0 0 1 0 0 0 0 0 0 0 0 0 0 0 0 0 0 0 0 7 7 -14 -12 4 3 -18 -19 -18 6 7 -15 -10 18 18 -7 -18 8 9 17 
0 0 0 0 1 0 0 0 0 0 0 0 0 0 0 0 0 0 0 0 -16 -19 -13 13 -5 16 5 -1 -20 14 5 7 2 11 17 -13 -5 19 -11 -2 
0 0 0 0 0 1 0 0 0 0 0 0 0 0 0 0 0 0 0 0 6 18 3 19 17 2 -9 20 -11 -19 18 -5 -18 -14 -12 -1 -19 13 20 -17 
0 0 0 0 0 0 1 0 0 0 0 0 0 0 0 0 0 0 0 0 6 5 10 -11 -3 9 -3 15 9 6 -6 -3 5 17 -5 2 -2 8 3 10 
0 0 0 0 0 0 0 1 0 0 0 0 0 0 0 0 0 0 0 0 11 0 -16 15 8 -8 -7 9 -14 -6 12 14 19 3 -17 -2 -7 0 -8 -16 
0 0 0 0 0 0 0 0 1 0 0 0 0 0 0 0 0 0 0 0 -13 6 1 12 4 18 -5 -17 5 18 15 -3 -1 -19 -9 -14 -5 4 17 2 
0 0 0 0 0 0 0 0 0 1 0 0 0 0 0 0 0 0 0 0 18 10 -5 19 -5 -2 -2 10 20 12 14 -14 -1 -4 -20 -16 -7 -5 -11 20 
0 0 0 0 0 0 0 0 0 0 1 0 0 0 0 0 0 0 0 0 -5 -16 -4 14 -13 7 -18 2 -8 -20 -17 -8 13 1 -8 -13 -20 12 17 -20 
0 0 0 0 0 0 0 0 0 0 0 1 0 0 0 0 0 0 0 0 3 13 -12 -17 -12 -12 -13 2 6 -2 1 -20 2 20 16 11 6 20 -7 19 
0 0 0 0 0 0 0 0 0 0 0 0 1 0 0 0 0 0 0 0 -18 -2 -8 15 19 4 -17 20 -5 -19 20 20 14 -13 -18 -18 -2 -9 6 -17 
0 0 0 0 0 0 0 0 0 0 0 0 0 1 0 0 0 0 0 0 9 -12 -15 -7 -13 -20 -17 14 -18 -4 14 -16 15 -13 19 15 11 -17 14 -13 
0 0 0 0 0 0 0 0 0 0 0 0 0 0 1 0 0 0 0 0 -16 15 -12 19 -16 -10 -18 2 3 10 7 -9 18 12 6 -13 14 10 -18 16 
0 0 0 0 0 0 0 0 0 0 0 0 0 0 0 1 0 0 0 0 -13 18 -19 -19 -16 -19 19 17 -16 14 -15 -11 9 -7 -11 15 5 -9 -4 -13 
0 0 0 0 0 0 0 0 0 0 0 0 0 0 0 0 1 0 0 0 -18 -16 0 20 16 -14 -14 9 16 -10 7 -18 -13 8 -14 -9 12 -14 -13 16 
0 0 0 0 0 0 0 0 0 0 0 0 0 0 0 0 0 1 0 0 20 -8 -16 10 7 -7 4 -9 6 20 0 8 -17 -20 10 -20 -12 18 12 -17 
0 0 0 0 0 0 0 0 0 0 0 0 0 0 0 0 0 0 1 0 -12 -2 -13 -5 -13 -5 7 19 1 16 17 3 -10 -20 -8 17 -4 17 -10 -17 
0 0 0 0 0 0 0 0 0 0 0 0 0 0 0 0 0 0 0 1 18 10 12 -17 12 1 -17 20 -2 15 -16 8 -6 -6 -17 4 11 12 2 -6 
