11 3 20 4 5 10 1 15 9 27 16 6 2 23 27 10 23 11 29 22 1 23 26 25 4 27 21 29 29 6 9 2 2 29 28 7 2 0 22 11 

1 23 22 18 0 15 9 16 23 2 30 8 8 22 30 6 26 24 26 17 

1 0 0 0 0 0 0 0 0 0 0 0 0 0 0 0 0 0 0 0 -5 -8 16 -2 -2 -13 -18 -1 5 -15 -15 13 2 3 14 -11 -12 14 5 -18 
0 1 0 0 0 0 0 0 0 0 0 0 0 0 0 0 0 0 0 0 -4 -15 13 4 -18 10 -14 -11 -12 -11 20 3 1 15 -18 19 -17 -16 0 11 
0 0 1 0 0 0 0 0 0 0 0 0 0 0 0 0 0 0 0 0 -11 7 3 14 -11 -3 -18 0 -8 10 2 9 15 -4 -6 19 -14 2 -12 -4 
0 0 0 1 0 0 0 0 0 0 0 0 0 0 0 0 0 0 0 0 11 -11 -20 -9 -15 -18 -9 -12 -14 11 19 -2 -1 2 -7 9 -20 -3 -12 -6 
0 0 0 0 1 0 0 0 0 0 0 0 0 0 0 0 0 0 0 0 -14 12 -18 -17 -13 -2 -19 -7 20 -9 9 12 0 11 -16 5 13 -4 16 -19 
0 0 0 0 0 1 0 0 0 0 0 0 0 0 0 0 0 0 0 0 -12 14 1 10 -3 16 -2 -1 -8 8 14 1 -1 18 4 6 -2 5 -19 -1 
0 0 0 0 0 0 1 0 0 0 0 0 0 0 0 0 0 0 0 0 17 12 -9 -2 3 -5 -15 -3 13 -20 -2 -17 16 -20 13 -5 16 -8 16 -12 
0 0 0 0 0 0 0 1 0 0 0 0 0 0 0 0 0 0 0 0 -19 11 11 2 9 -6 -13 -14 19 -10 7 17 -18 18 -5 7 -5 2 -17 -11 
0 0 0 0 0 0 0 0 1 0 0 0 0 0 0 0 0 0 0 0 4 4 -6 1 4 -14 16 0 0 14 10 3 4 0 -16 -6 14 -6 2 14 
0 0 0 0 0 0 0 0 0 1 0 0 0 0 0 0 0 0 0 0 4 -11 11 8 -14 -13 -6 3 11 -2 13 -6 -19 -14 15 7 -5 13 -14 17 
0 0 0 0 0 0 0 0 0 0 1 0 0 0 0 0 0 0 0 0 6 16 0 -11 -3 4 6 -10 18 -13 -16 4 -4 17 -9 5 -15 6 -13 16 
0 0 0 0 0 0 0 0 0 0 0 1 0 0 0 0 0 0 0 0 -15 -19 -11 -12 -12 -15 15 5 18 -17 1 3 19 -18 15 -4 7 2 8 6 
0 0 0 0 0 0 0 0 0 0 0 0 1 0 0 0 0 0 0 0 9 14 -9 -15 10 3 12 15 -10 19 12 -3 -20 -20 7 -10 -14 1 15 -15 
0 0 0 0 0 0 0 0 0 0 0 0 0 1 0 0 0 0 0 0 4 -3 11 5 0 7 -18 -12 -12 10 16 17 4 -13 -17 -5 12 15 -8 -17 
0 0 0 0 0 0 0 0 0 0 0 0 0 0 1 0 0 0 0 0 16 -17 0 16 -14 -14 -13 -8 9 -17 -3 -7 0 -11 20 -19 16 -17 -11 -17 
0 0 0 0 0 0 0 0 0 0 0 0 0 0 0 1 0 0 0 0 15 -15 -20 -2 -6 -17 16 -15 19 -13 -12 14 -8 10 11 -2 16 20 10 4 
0 0 0 0 0 0 0 0 0 0 0 0 0 0 0 0 1 0 0 0 -18 -11 19 4 0 20 6 -4 -18 15 -1 18 -19 -1 -3 -5 5 -6 2 5 
0 0 0 0 0 0 0 0 0 0 0 0 0 0 0 0 0 1 0 0 1 10 0 14 -1 -8 -9 -4 -9 -17 -20 -5 -6 -20 19 14 -18 6 -11 -16 
0 0 0 0 0 0 0 0 0 0 0 0 0 0 0 0 0 0 1 0 3 11 -17 4 -11 1 -19 16 15 3 0 -2 -7 20 -7 14 -7 6 -10 4 
0 0 0 0 0 0 0 0 0 0 0 0 0 0 0 0 0 0 0 1 9 -8 -20 -16 -6 -19 -20 -4 7 -9 1 -11 -19 6 16 -7 -14 17 -12 -17 
