2 6 8 7 2 6 5 2 6 3 5 0 7 2 7 1 2 4 3 7 8 8 9 6 2 9 6 7 7 1 0 2 0 8 9 4 5 7 7 3 

16 14 14 20 8 28 0 14 11 24 19 28 18 6 17 10 11 2 5 12 

1 0 0 0 0 0 0 0 0 0 0 0 0 0 0 0 0 0 0 0 -18 -19 -6 16 -14 -12 2 -10 -9 15 16 19 -11 -13 17 -13 6 -2 11 -1 
0 1 0 0 0 0 0 0 0 0 0 0 0 0 0 0 0 0 0 0 8 -3 -9 6 -10 -3 14 -15 -5 20 -18 -3 -20 -2 -6 -11 8 18 -1 20 
0 0 1 0 0 0 0 0 0 0 0 0 0 0 0 0 0 0 0 0 13 -3 18 -17 4 15 -9 -11 -6 -19 10 -19 1 -20 10 11 0 3 18 15 
0 0 0 1 0 0 0 0 0 0 0 0 0 0 0 0 0 0 0 0 2 -19 -7 5 -1 9 14 -11 6 -6 -12 -2 11 -13 2 -4 -19 15 7 -2 
0 0 0 0 1 0 0 0 0 0 0 0 0 0 0 0 0 0 0 0 18 -3 1 -2 -3 -10 -9 19 15 -12 15 -1 -8 -11 -17 13 18 19 -19 4 
0 0 0 0 0 1 0 0 0 0 0 0 0 0 0 0 0 0 0 0 -8 -11 -17 -15 -1 7 1 2 1 -10 20 -1 7 3 19 -15 13 -11 -16 10 
0 0 0 0 0 0 1 0 0 0 0 0 0 0 0 0 0 0 0 0 0 -20 -12 12 -10 -9 4 -13 -11 8 13 3 19 17 8 -3 3 -9 20 -16 
0 0 0 0 0 0 0 1 0 0 0 0 0 0 0 0 0 0 0 0 1 -20 5 -13 3 5 -6 -2 15 0 -13 -6 1 -3 -13 11 8 13 18 19 
0 0 0 0 0 0 0 0 1 0 0 0 0 0 0 0 0 0 0 0 0 13 1 1 9 -9 18 -9 2 17 -3 -18 20 -17 -9 2 9 5 20 5 
0 0 0 0 0 0 0 0 0 1 0 0 0 0 0 0 0 0 0 0 -15 -12 -20 6 5 -11 -2 -6 -19 -5 -6 4 -13 16 -16 18 -12 -17 -9 10 
0 0 0 0 0 0 0 0 0 0 1 0 0 0 0 0 0 0 0 0 -18 8 12 -19 14 -18 3 4 7 5 -10 14 15 -10 1 2 -1 19 16 2 
0 0 0 0 0 0 0 0 0 0 0 1 0 0 0 0 0 0 0 0 -6 -8 -13 3 -11 -9 3 -3 -3 14 -14 -1 3 18 0 -4 -19 -16 -19 10 
0 0 0 0 0 0 0 0 0 0 0 0 1 0 0 0 0 0 0 0 11 -9 4 8 3 -16 -11 -17 -15 -14 6 1 -2 13 -17 7 -14 8 -17 3 
0 0 0 0 0 0 0 0 0 0 0 0 0 1 0 0 0 0 0 0 1 -9 -17 -16 -10 3 0 -9 9 4 -17 0 15 7 -13 -2 13 -2 1 20 
0 0 0 0 0 0 0 0 0 0 0 0 0 0 1 0 0 0 0 0 4 -12 0 -16 -19 4 13 -11 -9 17 14 15 -11 17 19 0 -1 0 11 -11 
0 0 0 0 0 0 0 0 0 0 0 0 0 0 0 1 0 0 0 0 -17 14 11 19 2 18 -2 -3 -3 19 -4 -19 -13 17 -13 -10 2 20 1 15 
0 0 0 0 0 0 0 0 0 0 0 0 0 0 0 0 1 0 0 0 18 -6 9 -13 -10 9 7 11 -9 -1 20 -6 -5 11 -6 19 10 12 -5 -11 
0 0 0 0 0 0 0 0 0 0 0 0 0 0 0 0 0 1 0 0 13 14 -8 -19 12 -1 -7 -5 -2 14 -11 -2 -13 -20 5 -1 11 -7 -11 -19 
0 0 0 0 0 0 0 0 0 0 0 0 0 0 0 0 0 0 1 0 12 -10 -4 -12 -18 12 -13 15 6 2 -17 0 -3 -5 1 -12 16 14 3 -7 
0 0 0 0 0 0 0 0 0 0 0 0 0 0 0 0 0 0 0 1 7 15 13 16 17 -3 -6 7 12 5 9 4 17 -14 14 20 18 -20 16 5 
