4 7 3 5 1 0 7 1 1 7 8 5 8 7 1 8 8 3 1 7 3 3 8 2 0 6 4 0 8 1 3 5 0 8 0 1 1 9 4 2 

23 19 7 18 29 12 2 3 13 10 30 24 7 23 18 8 17 6 14 20 

1 0 0 0 0 0 0 0 0 0 0 0 0 0 0 0 0 0 0 0 -14 10 -1 19 -16 -10 0 19 14 13 -10 -6 -3 12 -16 16 -20 -20 17 1 
0 1 0 0 0 0 0 0 0 0 0 0 0 0 0 0 0 0 0 0 -20 2 -11 12 -14 20 -1 -13 5 -12 7 11 18 -13 9 -18 -3 -10 -20 -8 
0 0 1 0 0 0 0 0 0 0 0 0 0 0 0 0 0 0 0 0 -18 -7 8 2 -16 12 -3 -14 14 -7 8 16 17 19 9 -18 18 -10 -9 2 
0 0 0 1 0 0 0 0 0 0 0 0 0 0 0 0 0 0 0 0 -2 18 -6 -4 -16 -18 0 3 -8 2 15 -3 15 4 -20 19 -4 -3 -15 -9 
0 0 0 0 1 0 0 0 0 0 0 0 0 0 0 0 0 0 0 0 10 15 -11 8 13 18 12 13 -13 -17 -6 6 -20 11 -17 -13 15 3 12 -13 
0 0 0 0 0 1 0 0 0 0 0 0 0 0 0 0 0 0 0 0 -16 9 6 20 -8 6 18 10 -16 -16 -19 16 19 -10 3 14 -11 -6 6 -3 
0 0 0 0 0 0 1 0 0 0 0 0 0 0 0 0 0 0 0 0 -3 -19 -16 0 12 -13 9 7 10 0 16 14 -12 3 13 3 -10 13 -8 -6 
0 0 0 0 0 0 0 1 0 0 0 0 0 0 0 0 0 0 0 0 19 -5 -11 20 7 14 13 17 -13 0 -7 7 3 -3 -12 -3 4 17 -15 -5 
0 0 0 0 0 0 0 0 1 0 0 0 0 0 0 0 0 0 0 0 -2 -20 -12 7 5 -17 -11 15 18 3 -10 18 19 1 17 5 -6 11 1 3 
0 0 0 0 0 0 0 0 0 1 0 0 0 0 0 0 0 0 0 0 -10 16 -11 16 -8 -3 -8 18 -5 -3 -8 14 -1 3 2 -17 8 13 20 5 
0 0 0 0 0 0 0 0 0 0 1 0 0 0 0 0 0 0 0 0 -5 -11 2 -7 10 1 19 -15 -9 1 8 4 -3 18 -1 11 -4 11 9 12 
0 0 0 0 0 0 0 0 0 0 0 1 0 0 0 0 0 0 0 0 -11 -18 5 8 5 -14 11 -8 19 12 19 -5 -18 3 9 14 -17 9 19 -6 
0 0 0 0 0 0 0 0 0 0 0 0 1 0 0 0 0 0 0 0 -9 6 20 8 5 -2 -1 -17 -10 -11 15 -1 -9 1 -14 17 9 19 -10 7 
0 0 0 0 0 0 0 0 0 0 0 0 0 1 0 0 0 0 0 0 10 -9 -19 12 14 12 7 17 2 5 -8 14 -7 -6 1 18 12 -19 -20 -16 
0 0 0 0 0 0 0 0 0 0 0 0 0 0 1 0 0 0 0 0 -10 17 5 4 -3 14 2 -15 12 12 14 4 -18 18 -3 18 9 -16 14 -7 
0 0 0 0 0 0 0 0 0 0 0 0 0 0 0 1 0 0 0 0 9 -12 -14 -17 2 9 -19 -5 11 -17 1 -18 -18 -14 8 1 20 -11 7 13 
0 0 0 0 0 0 0 0 0 0 0 0 0 0 0 0 1 0 0 0 -19 2 -4 -15 -1 16 -17 -10 20 19 3 10 -12 9 14 10 -1 17 -13 -9 
0 0 0 0 0 0 0 0 0 0 0 0 0 0 0 0 0 1 0 0 -19 8 -6 -17 16 -19 5 15 -9 -7 8 -6 15 -15 1 -4 -20 4 8 20 
0 0 0 0 0 0 0 0 0 0 0 0 0 0 0 0 0 0 1 0 5 -10 12 13 -20 7 5 -1 3 12 11 6 1 -14 10 -3 -11 -4 -9 2 
0 0 0 0 0 0 0 0 0 0 0 0 0 0 0 0 0 0 0 1 9 -20 18 5 -14 -1 -18 -14 -16 10 -12 9 -19 20 4 -19 6 -12 3 -10 
