5 24 26 1 24 24 23 6 10 14 14 27 1 13 23 25 22 28 19 0 6 21 23 8 12 15 12 20 16 23 16 21 9 12 14 26 28 29 2 8 

27 7 5 14 18 25 9 26 10 26 10 20 4 22 30 23 14 15 10 24 

1 0 0 0 0 0 0 0 0 0 0 0 0 0 0 0 0 0 0 0 -15 -11 -2 1 5 12 -11 -9 -13 -10 20 -2 10 3 -14 -6 -14 -13 11 16 
0 1 0 0 0 0 0 0 0 0 0 0 0 0 0 0 0 0 0 0 -1 14 16 16 -11 -14 -3 -20 3 15 -20 10 -17 0 -10 8 -6 0 -20 1 
0 0 1 0 0 0 0 0 0 0 0 0 0 0 0 0 0 0 0 0 12 -20 -20 1 5 -13 18 11 -6 10 9 15 3 6 12 12 12 -12 15 -4 
0 0 0 1 0 0 0 0 0 0 0 0 0 0 0 0 0 0 0 0 -18 17 -15 -13 -4 -4 18 10 16 18 -10 7 20 -7 -10 4 0 -11 -5 16 
0 0 0 0 1 0 0 0 0 0 0 0 0 0 0 0 0 0 0 0 19 -15 11 1 11 4 -5 5 13 -11 -20 17 -15 -14 -16 3 2 -17 -7 -3 
0 0 0 0 0 1 0 0 0 0 0 0 0 0 0 0 0 0 0 0 -20 5 -15 -20 18 -3 4 -3 6 -20 -5 4 -15 -15 -15 19 11 2 3 5 
0 0 0 0 0 0 1 0 0 0 0 0 0 0 0 0 0 0 0 0 11 3 2 18 9 8 0 -8 11 15 11 13 0 17 13 -1 -7 -1 19 20 
0 0 0 0 0 0 0 1 0 0 0 0 0 0 0 0 0 0 0 0 1 -7 5 9 0 12 7 -10 -7 -11 16 -17 14 -1 -18 5 -14 5 17 19 
0 0 0 0 0 0 0 0 1 0 0 0 0 0 0 0 0 0 0 0 -1 8 11 -20 6 4 2 -20 -16 0 -19 5 13 7 -7 -8 -2 20 4 12 
0 0 0 0 0 0 0 0 0 1 0 0 0 0 0 0 0 0 0 0 -10 -1 17 -14 18 -19 11 -15 6 9 -17 -14 -2 15 -13 -15 0 9 -14 6 
0 0 0 0 0 0 0 0 0 0 1 0 0 0 0 0 0 0 0 0 -10 -13 -10 -18 14 6 -4 -8 5 -19 -15 18 1 -19 -17 0 -18 16 8 10 
0 0 0 0 0 0 0 0 0 0 0 1 0 0 0 0 0 0 0 0 6 11 17 -16 7 -15 -11 -12 16 -5 14 -15 5 -14 -11 -2 12 7 12 -2 
0 0 0 0 0 0 0 0 0 0 0 0 1 0 0 0 0 0 0 0 8 19 -5 -10 -18 0 13 -14 -3 0 17 -17 -8 15 -13 20 20 -2 -11 15 
0 0 0 0 0 0 0 0 0 0 0 0 0 1 0 0 0 0 0 0 16 -17 20 0 -9 -12 20 -18 17 14 0 4 14 18 17 16 -3 9 -18 15 
0 0 0 0 0 0 0 0 0 0 0 0 0 0 1 0 0 0 0 0 -12 -20 20 0 15 -14 1 14 6 13 8 1 16 9 -18 -14 19 -16 -10 15 
0 0 0 0 0 0 0 0 0 0 0 0 0 0 0 1 0 0 0 0 18 10 -2 11 7 -6 9 -14 -18 11 -20 -8 11 20 15 7 -13 -3 0 15 
0 0 0 0 0 0 0 0 0 0 0 0 0 0 0 0 1 0 0 0 -11 -11 -2 -14 18 0 -6 16 6 4 10 3 -6 -11 -4 -18 4 -14 -12 8 
0 0 0 0 0 0 0 0 0 0 0 0 0 0 0 0 0 1 0 0 17 -10 -18 9 -9 19 -3 0 -5 17 -5 5 -15 13 13 -16 -6 -13 -19 -20 
0 0 0 0 0 0 0 0 0 0 0 0 0 0 0 0 0 0 1 0 13 11 5 -14 -19 -18 -9 7 -12 -1 -5 -14 10 -1 17 -20 -3 -7 1 14 
0 0 0 0 0 0 0 0 0 0 0 0 0 0 0 0 0 0 0 1 -9 18 0 -2 12 -7 2 -13 2 5 -13 -6 -5 15 3 -3 19 14 -17 -11 
