16 7 17 19 3 9 14 13 5 10 10 15 3 12 6 11 9 18 7 3 19 13 9 12 16 14 18 12 12 6 10 9 5 7 8 8 8 2 14 14 

27 28 15 14 20 23 12 20 8 2 11 24 25 24 26 27 0 16 23 19 

1 0 0 0 0 0 0 0 0 0 0 0 0 0 0 0 0 0 0 0 19 -11 11 10 -19 -10 -14 11 10 -17 -5 -12 -7 16 4 -15 -11 12 6 15 
0 1 0 0 0 0 0 0 0 0 0 0 0 0 0 0 0 0 0 0 -7 -6 -12 9 9 15 3 15 -18 3 -3 -18 12 -11 12 14 0 -20 6 -11 
0 0 1 0 0 0 0 0 0 0 0 0 0 0 0 0 0 0 0 0 -17 -18 -1 -4 18 -18 4 -14 16 -11 -20 -9 3 -12 -19 -7 -16 4 -12 -13 
0 0 0 1 0 0 0 0 0 0 0 0 0 0 0 0 0 0 0 0 -14 7 -11 19 16 -17 14 -3 -17 1 8 -12 3 -14 7 2 -10 -10 10 -12 
0 0 0 0 1 0 0 0 0 0 0 0 0 0 0 0 0 0 0 0 1 10 1 -15 20 4 0 -15 -13 10 -8 -4 -4 4 -4 -6 7 -9 13 12 
0 0 0 0 0 1 0 0 0 0 0 0 0 0 0 0 0 0 0 0 12 1 -19 -4 9 8 18 -19 20 7 -11 0 -2 12 5 -1 -5 -15 4 2 
0 0 0 0 0 0 1 0 0 0 0 0 0 0 0 0 0 0 0 0 15 17 20 -7 0 -3 9 -12 8 1 20 1 -17 -20 17 13 11 16 14 10 
0 0 0 0 0 0 0 1 0 0 0 0 0 0 0 0 0 0 0 0 4 -16 -8 -19 16 19 0 -10 -15 -16 14 -18 -18 14 -5 4 -8 -17 12 -18 
0 0 0 0 0 0 0 0 1 0 0 0 0 0 0 0 0 0 0 0 6 13 5 10 15 4 2 7 -1 -3 -1 -17 1 11 -14 -4 9 7 6 17 
0 0 0 0 0 0 0 0 0 1 0 0 0 0 0 0 0 0 0 0 13 -1 19 17 -6 -5 0 9 0 -7 11 -15 -15 -5 15 20 19 -2 9 0 
0 0 0 0 0 0 0 0 0 0 1 0 0 0 0 0 0 0 0 0 15 -13 5 -5 18 11 13 8 -1 -2 4 -7 20 4 -11 -5 19 9 -17 -2 
0 0 0 0 0 0 0 0 0 0 0 1 0 0 0 0 0 0 0 0 -17 16 4 -12 -9 0 -10 -9 19 19 13 15 -15 -3 -10 -16 -12 -18 14 9 
0 0 0 0 0 0 0 0 0 0 0 0 1 0 0 0 0 0 0 0 3 0 -18 2 -17 -9 19 -16 -18 -18 2 -15 18 -13 -4 -10 10 8 4 10 
0 0 0 0 0 0 0 0 0 0 0 0 0 1 0 0 0 0 0 0 6 -4 4 13 16 14 19 -17 19 12 14 3 -7 16 -14 -3 -11 -16 3 -7 
0 0 0 0 0 0 0 0 0 0 0 0 0 0 1 0 0 0 0 0 -14 -14 0 -14 -6 16 -4 -15 3 -19 15 -10 -2 -2 -16 -7 -6 -18 -2 -6 
0 0 0 0 0 0 0 0 0 0 0 0 0 0 0 1 0 0 0 0 17 -7 17 -11 -9 -18 8 0 -14 -10 15 -5 -3 -6 3 13 -8 19 20 17 
0 0 0 0 0 0 0 0 0 0 0 0 0 0 0 0 1 0 0 0 -18 14 -11 0 -7 -7 15 7 -2 -6 -18 -6 7 19 5 20 -18 -7 -1 -9 
0 0 0 0 0 0 0 0 0 0 0 0 0 0 0 0 0 1 0 0 5 -5 8 -19 12 -10 16 -17 -10 15 -19 -8 10 -10 14 -17 6 10 12 -15 
0 0 0 0 0 0 0 0 0 0 0 0 0 0 0 0 0 0 1 0 -17 15 -1 13 15 -15 12 18 -2 -7 -10 -15 8 18 -12 -1 -13 -16 4 -1 
0 0 0 0 0 0 0 0 0 0 0 0 0 0 0 0 0 0 0 1 -20 8 12 11 20 5 14 5 -5 5 10 0 1 -10 -6 -4 -2 -14 -5 18 
