0 21 14 14 6 25 2 5 11 20 10 0 16 14 7 17 15 2 4 9 10 25 1 18 23 16 13 26 23 13 17 15 26 1 29 25 18 23 0 29 

27 1 13 7 4 4 19 24 0 8 16 16 7 30 3 11 26 30 27 27 

1 0 0 0 0 0 0 0 0 0 0 0 0 0 0 0 0 0 0 0 -11 -8 -4 6 10 -20 -1 -7 -11 16 1 17 5 2 -11 -20 18 0 13 -18 
0 1 0 0 0 0 0 0 0 0 0 0 0 0 0 0 0 0 0 0 15 8 14 -8 -11 3 -10 18 -13 5 19 -4 19 -6 -17 8 -6 3 -20 6 
0 0 1 0 0 0 0 0 0 0 0 0 0 0 0 0 0 0 0 0 0 1 2 -16 -15 14 -16 -16 -7 19 -14 -11 7 20 1 18 3 13 16 12 
0 0 0 1 0 0 0 0 0 0 0 0 0 0 0 0 0 0 0 0 -1 16 -13 -3 -10 -8 -16 6 15 -13 -7 -6 10 16 1 15 11 7 19 -15 
0 0 0 0 1 0 0 0 0 0 0 0 0 0 0 0 0 0 0 0 8 -16 -4 -6 -14 19 -9 9 14 -12 0 -8 -16 9 12 -4 -18 16 -17 18 
0 0 0 0 0 1 0 0 0 0 0 0 0 0 0 0 0 0 0 0 -16 -3 -7 15 -6 14 11 -16 1 10 -9 -12 16 7 4 -19 5 17 12 -2 
0 0 0 0 0 0 1 0 0 0 0 0 0 0 0 0 0 0 0 0 -13 -7 13 -7 -17 4 11 -14 1 14 -15 6 -8 -2 0 6 -8 -10 12 15 
0 0 0 0 0 0 0 1 0 0 0 0 0 0 0 0 0 0 0 0 -19 -18 -16 20 11 10 -18 -2 8 17 18 15 -9 10 -11 -5 -5 20 3 17 
0 0 0 0 0 0 0 0 1 0 0 0 0 0 0 0 0 0 0 0 16 8 4 -13 -15 -15 14 -1 -3 7 -5 -1 12 1 0 2 -8 4 -19 -20 
0 0 0 0 0 0 0 0 0 1 0 0 0 0 0 0 0 0 0 0 0 20 17 12 11 -14 -12 -12 -13 11 -16 -16 0 10 -8 7 15 -13 -14 -9 
0 0 0 0 0 0 0 0 0 0 1 0 0 0 0 0 0 0 0 0 16 3 12 7 -16 -7 -11 -4 18 -10 -2 -1 -9 -5 -8 -18 3 2 -10 12 
0 0 0 0 0 0 0 0 0 0 0 1 0 0 0 0 0 0 0 0 -6 -4 17 14 -13 -10 1 -17 -3 7 -6 -8 -9 -12 20 -5 3 -10 14 2 
0 0 0 0 0 0 0 0 0 0 0 0 1 0 0 0 0 0 0 0 2 -9 -19 14 6 -5 18 -10 18 -11 -18 -9 5 19 -15 14 -12 8 17 7 
0 0 0 0 0 0 0 0 0 0 0 0 0 1 0 0 0 0 0 0 -4 -8 -20 7 0 -19 -16 -15 -7 18 7 16 -10 10 11 17 -15 8 -12 -16 
0 0 0 0 0 0 0 0 0 0 0 0 0 0 1 0 0 0 0 0 17 -10 -5 3 -10 2 -4 0 -11 -8 -14 7 4 -11 -6 -14 -10 -2 -9 4 
0 0 0 0 0 0 0 0 0 0 0 0 0 0 0 1 0 0 0 0 -3 20 1 7 10 -9 5 17 19 14 -20 17 -15 -3 -1 -4 -19 15 16 -8 
0 0 0 0 0 0 0 0 0 0 0 0 0 0 0 0 1 0 0 0 -14 -16 20 12 -7 -7 18 5 13 -10 -10 -11 -10 11 16 20 -17 1 16 -19 
0 0 0 0 0 0 0 0 0 0 0 0 0 0 0 0 0 1 0 0 -4 18 20 1 -6 -2 17 -5 -8 15 10 0 19 9 -6 -9 -17 -9 18 16 
0 0 0 0 0 0 0 0 0 0 0 0 0 0 0 0 0 0 1 0 2 -12 -16 14 -20 -19 13 -16 4 10 -13 20 7 -13 3 -18 5 -1 0 20 
0 0 0 0 0 0 0 0 0 0 0 0 0 0 0 0 0 0 0 1 -7 -11 1 -7 18 15 4 -20 -12 4 18 12 12 -17 5 12 -16 -1 18 11 
