22 21 9 4 17 20 25 19 4 18 14 6 28 7 15 13 16 21 22 28 27 29 23 29 25 20 23 4 22 26 18 6 9 27 10 26 9 5 7 5 

5 27 2 12 16 10 11 5 11 16 0 25 30 14 5 21 30 23 3 0 

1 0 0 0 0 0 0 0 0 0 0 0 0 0 0 0 0 0 0 0 9 2 11 -15 -6 -11 -19 -17 -2 -9 -13 -7 -19 13 12 2 4 13 17 -17 
0 1 0 0 0 0 0 0 0 0 0 0 0 0 0 0 0 0 0 0 -7 5 3 -13 -4 -5 -1 4 12 -11 13 0 13 3 8 -13 13 11 -8 -8 
0 0 1 0 0 0 0 0 0 0 0 0 0 0 0 0 0 0 0 0 -19 -1 5 -17 -6 -4 7 18 -9 5 -17 4 -11 8 11 5 -18 -9 -10 17 
0 0 0 1 0 0 0 0 0 0 0 0 0 0 0 0 0 0 0 0 0 -18 -4 -5 8 -15 2 0 16 14 14 18 -5 1 -18 9 17 9 8 -11 
0 0 0 0 1 0 0 0 0 0 0 0 0 0 0 0 0 0 0 0 -7 13 13 4 1 5 -10 5 17 0 1 -2 5 20 13 -8 -16 -4 14 -20 
0 0 0 0 0 1 0 0 0 0 0 0 0 0 0 0 0 0 0 0 -10 9 20 7 -11 -19 -3 -12 12 -14 -3 -14 20 -8 10 0 17 20 -14 13 
0 0 0 0 0 0 1 0 0 0 0 0 0 0 0 0 0 0 0 0 1 8 -7 -15 9 -15 -1 13 2 -6 15 14 -17 14 0 -6 17 19 2 8 
0 0 0 0 0 0 0 1 0 0 0 0 0 0 0 0 0 0 0 0 -16 -19 14 -17 -5 5 5 -9 6 12 -14 -13 1 -1 -6 -9 6 14 -17 -11 
0 0 0 0 0 0 0 0 1 0 0 0 0 0 0 0 0 0 0 0 -11 -20 -18 -6 14 4 9 13 4 -8 0 9 -5 -4 14 10 -20 -1 -19 7 
0 0 0 0 0 0 0 0 0 1 0 0 0 0 0 0 0 0 0 0 -8 -11 16 15 10 -11 -15 -5 -16 -10 5 -6 -10 9 8 -14 -5 -2 19 19 
0 0 0 0 0 0 0 0 0 0 1 0 0 0 0 0 0 0 0 0 13 0 7 -13 16 1 20 19 -19 -20 7 -5 -9 4 -11 -20 13 -4 -5 18 
0 0 0 0 0 0 0 0 0 0 0 1 0 0 0 0 0 0 0 0 6 -19 -7 19 13 -18 -14 -13 1 -16 -15 -7 4 15 2 2 -5 1 2 -2 
0 0 0 0 0 0 0 0 0 0 0 0 1 0 0 0 0 0 0 0 3 -10 13 14 14 -17 16 8 -1 -7 7 -14 -6 20 -14 -14 -18 -8 -7 5 
0 0 0 0 0 0 0 0 0 0 0 0 0 1 0 0 0 0 0 0 -2 1 20 -18 -5 1 6 12 -16 -11 -11 9 -1 -19 3 -6 -14 0 -19 7 
0 0 0 0 0 0 0 0 0 0 0 0 0 0 1 0 0 0 0 0 13 9 15 -11 10 -19 -5 12 -5 11 -2 14 -7 -3 18 8 -20 3 -1 -14 
0 0 0 0 0 0 0 0 0 0 0 0 0 0 0 1 0 0 0 0 14 10 15 -6 13 -1 8 19 20 11 5 12 -1 1 -20 -9 2 -2 -18 18 
0 0 0 0 0 0 0 0 0 0 0 0 0 0 0 0 1 0 0 0 -10 3 11 3 20 8 -8 -19 -8 11 -13 -15 0 -16 -1 -6 3 -12 -8 2 
0 0 0 0 0 0 0 0 0 0 0 0 0 0 0 0 0 1 0 0 19 19 -4 0 -1 -2 11 -17 16 15 -20 -13 -3 13 10 -1 2 -19 0 14 
0 0 0 0 0 0 0 0 0 0 0 0 0 0 0 0 0 0 1 0 14 10 -20 -5 14 1 9 -4 9 -18 -20 9 -20 -4 -12 2 14 -20 5 12 
0 0 0 0 0 0 0 0 0 0 0 0 0 0 0 0 0 0 0 1 16 5 19 -6 -1 11 13 -20 14 -5 16 10 -16 18 -16 20 -2 16 -5 -12 
