8 1 3 1 3 0 1 4 3 0 7 3 0 2 1 6 0 1 5 1 9 5 1 4 1 1 7 5 6 3 5 5 6 0 6 1 0 7 8 3 

12 9 9 22 6 15 1 27 4 28 17 13 2 11 10 1 4 22 16 4 

1 0 0 0 0 0 0 0 0 0 0 0 0 0 0 0 0 0 0 0 5 -13 19 -10 -17 18 5 -15 18 7 -4 -18 -7 19 -20 -1 16 17 10 12 
0 1 0 0 0 0 0 0 0 0 0 0 0 0 0 0 0 0 0 0 12 4 -2 -14 9 2 -3 -4 -16 -16 7 9 -9 7 19 -4 6 5 4 5 
0 0 1 0 0 0 0 0 0 0 0 0 0 0 0 0 0 0 0 0 -9 20 7 4 20 7 -16 16 5 14 9 -3 0 -14 5 -10 8 -18 6 12 
0 0 0 1 0 0 0 0 0 0 0 0 0 0 0 0 0 0 0 0 -14 -6 2 -1 -20 1 16 6 -15 -1 -9 -3 -2 18 -18 -1 7 -11 -6 -7 
0 0 0 0 1 0 0 0 0 0 0 0 0 0 0 0 0 0 0 0 -16 -18 12 4 -9 -3 15 19 -1 0 13 5 15 -6 -17 15 17 -20 3 -16 
0 0 0 0 0 1 0 0 0 0 0 0 0 0 0 0 0 0 0 0 -1 14 3 19 13 5 -2 1 14 14 15 19 19 6 4 -11 -18 -2 -11 1 
0 0 0 0 0 0 1 0 0 0 0 0 0 0 0 0 0 0 0 0 19 -17 -13 15 0 -7 11 -4 -7 -7 0 15 -14 -18 13 20 10 -8 0 5 
0 0 0 0 0 0 0 1 0 0 0 0 0 0 0 0 0 0 0 0 -14 -4 5 -14 -18 -11 -5 -14 7 4 10 7 8 17 3 -13 -11 -6 5 3 
0 0 0 0 0 0 0 0 1 0 0 0 0 0 0 0 0 0 0 0 7 -13 -3 14 -11 -9 15 19 6 -4 6 14 13 -10 20 17 -1 -6 -18 -12 
0 0 0 0 0 0 0 0 0 1 0 0 0 0 0 0 0 0 0 0 20 14 17 9 11 0 18 -19 14 5 6 2 12 -16 -5 -20 -4 -9 -19 -17 
0 0 0 0 0 0 0 0 0 0 1 0 0 0 0 0 0 0 0 0 8 7 17 2 17 16 -2 -2 -9 2 8 -8 -4 4 -19 -12 -15 -20 -11 19 
0 0 0 0 0 0 0 0 0 0 0 1 0 0 0 0 0 0 0 0 5 16 1 -4 20 18 -1 -3 -11 0 0 19 -12 -2 0 -14 -7 20 6 6 
0 0 0 0 0 0 0 0 0 0 0 0 1 0 0 0 0 0 0 0 3 -7 19 19 18 20 -12 -18 -19 -2 -17 7 -5 6 -18 -4 5 1 16 14 
0 0 0 0 0 0 0 0 0 0 0 0 0 1 0 0 0 0 0 0 -18 -3 14 -8 16 -5 -1 -12 -6 -16 17 18 0 15 18 -3 16 -14 1 17 
0 0 0 0 0 0 0 0 0 0 0 0 0 0 1 0 0 0 0 0 6 6 3 -18 -9 8 -2 19 -12 -5 14 -7 13 8 5 8 -18 -15 18 -3 
0 0 0 0 0 0 0 0 0 0 0 0 0 0 0 1 0 0 0 0 -8 14 -4 12 8 -5 -10 3 1 11 2 -12 -1 -16 -10 12 12 9 10 -18 
0 0 0 0 0 0 0 0 0 0 0 0 0 0 0 0 1 0 0 0 -15 4 -3 18 -9 -19 5 -5 -11 5 14 3 0 -11 -6 -12 5 4 13 -13 
0 0 0 0 0 0 0 0 0 0 0 0 0 0 0 0 0 1 0 0 -4 -6 -4 17 1 8 9 -8 -2 -2 -4 4 -19 13 1 -6 17 -12 10 -13 
0 0 0 0 0 0 0 0 0 0 0 0 0 0 0 0 0 0 1 0 13 5 10 -8 17 -17 2 3 9 -3 10 -14 13 -13 -17 -5 16 14 10 -5 
0 0 0 0 0 0 0 0 0 0 0 0 0 0 0 0 0 0 0 1 -9 -15 19 -5 -20 0 11 17 10 2 -17 4 -13 13 18 -17 18 2 6 8 
