25 19 12 11 3 27 24 8 20 24 17 12 12 25 17 1 13 15 24 5 

2 5 2 2 27 15 9 23 28 6 

1 0 0 0 0 0 0 0 0 0 -4 7 20 -1 7 -16 11 8 -15 -10 
0 1 0 0 0 0 0 0 0 0 -2 -20 14 12 18 -19 5 5 18 -1 
0 0 1 0 0 0 0 0 0 0 10 13 -19 -3 13 -9 -13 13 -10 0 
0 0 0 1 0 0 0 0 0 0 -6 8 -12 -5 -12 17 0 19 6 5 
0 0 0 0 1 0 0 0 0 0 -10 -15 7 -17 19 4 -14 5 -10 -17 
0 0 0 0 0 1 0 0 0 0 -15 -20 17 -13 -1 11 0 6 3 12 
0 0 0 0 0 0 1 0 0 0 -13 17 -1 -3 -6 7 -5 14 7 -18 
0 0 0 0 0 0 0 1 0 0 0 19 -13 -14 -17 -15 12 -11 13 -19 
0 0 0 0 0 0 0 0 1 0 -5 18 -17 -7 -16 5 -17 7 -8 6 
0 0 0 0 0 0 0 0 0 1 -2 2 5 20 19 19 8 -4 14 -3 
