7 18 8 2 13 11 12 17 0 11 6 9 4 14 8 17 12 16 13 13 

20 24 15 5 11 26 19 1 6 1 

1 0 0 0 0 0 0 0 0 0 -6 12 9 -7 -19 2 15 -18 6 -7 
0 1 0 0 0 0 0 0 0 0 11 -7 14 7 -5 10 5 4 15 13 
0 0 1 0 0 0 0 0 0 0 2 6 4 -16 -12 7 11 19 12 -4 
0 0 0 1 0 0 0 0 0 0 -13 -14 -13 17 -1 -11 -2 -5 -9 -14 
0 0 0 0 1 0 0 0 0 0 9 -18 -1 2 11 14 -8 -5 -1 -12 
0 0 0 0 0 1 0 0 0 0 -13 -17 16 13 -11 -15 1 -19 -16 -8 
0 0 0 0 0 0 1 0 0 0 -3 -9 -2 5 -13 18 16 8 -8 -12 
0 0 0 0 0 0 0 1 0 0 14 -18 -8 -6 5 -18 -12 17 -3 9 
0 0 0 0 0 0 0 0 1 0 -14 4 12 -18 -2 -17 -13 19 -16 -9 
0 0 0 0 0 0 0 0 0 1 -9 2 5 11 -14 12 10 -19 -1 -16 
