1 4 0 0 0 7 2 2 0 5 9 8 3 4 3 8 0 2 4 0 

3 12 18 20 11 13 24 9 2 26 

1 0 0 0 0 0 0 0 0 0 -12 13 8 20 7 -5 18 -13 -19 18 
0 1 0 0 0 0 0 0 0 0 4 -8 10 -1 6 -13 -7 -3 9 1 
0 0 1 0 0 0 0 0 0 0 -11 9 -18 17 -1 1 5 13 -19 19 
0 0 0 1 0 0 0 0 0 0 18 -9 11 7 -10 0 -18 -11 9 -17 
0 0 0 0 1 0 0 0 0 0 -12 -8 -3 18 14 -18 -16 -12 1 15 
0 0 0 0 0 1 0 0 0 0 11 10 4 13 9 -18 -5 -5 17 -2 
0 0 0 0 0 0 1 0 0 0 -7 14 9 -14 3 -20 8 7 -9 -4 
0 0 0 0 0 0 0 1 0 0 12 0 11 -12 -1 6 -8 4 16 14 
0 0 0 0 0 0 0 0 1 0 -2 6 5 -17 0 -5 -15 16 11 -17 
0 0 0 0 0 0 0 0 0 1 -5 -15 20 -16 -7 2 -14 -18 -12 -2 
