4 6 3 9 1 8 6 1 8 9 9 6 9 0 6 0 3 4 6 6 

6 26 20 30 20 8 11 8 5 28 

1 0 0 0 0 0 0 0 0 0 11 -2 8 -2 10 4 -2 14 -8 -9 
0 1 0 0 0 0 0 0 0 0 6 -17 19 -6 -19 -12 9 2 19 -15 
0 0 1 0 0 0 0 0 0 0 -16 -14 -9 -8 2 -11 -6 -4 8 -3 
0 0 0 1 0 0 0 0 0 0 8 -2 15 -5 18 6 -20 -3 -1 -8 
0 0 0 0 1 0 0 0 0 0 8 -15 -3 9 1 0 19 -9 -16 17 
0 0 0 0 0 1 0 0 0 0 -1 -12 -15 12 0 7 -20 17 -16 10 
0 0 0 0 0 0 1 0 0 0 -7 12 -13 -11 -12 -13 16 -10 6 -6 
0 0 0 0 0 0 0 1 0 0 4 -4 1 -20 -16 -17 0 -16 -3 6 
0 0 0 0 0 0 0 0 1 0 -20 16 14 -15 7 -4 14 9 -8 18 
0 0 0 0 0 0 0 0 0 1 -1 7 11 8 16 -20 17 11 -10 5 
