5 3 5 5 1 4 0 8 4 1 1 8 2 4 5 3 0 9 2 6 

9 0 3 23 3 18 19 18 27 16 

1 0 0 0 0 0 0 0 0 0 -20 19 8 3 18 19 -14 -20 -9 -14 
0 1 0 0 0 0 0 0 0 0 -6 9 18 -19 -5 14 10 2 7 16 
0 0 1 0 0 0 0 0 0 0 7 11 -19 3 17 12 14 -10 1 15 
0 0 0 1 0 0 0 0 0 0 -17 1 15 13 -14 14 12 -6 15 -18 
0 0 0 0 1 0 0 0 0 0 0 -10 13 -3 -9 -13 -9 -19 11 20 
0 0 0 0 0 1 0 0 0 0 19 -2 13 -18 -18 9 16 17 -20 -4 
0 0 0 0 0 0 1 0 0 0 13 -15 20 9 19 -15 2 10 -1 -4 
0 0 0 0 0 0 0 1 0 0 14 -20 7 6 -1 20 15 12 -18 6 
0 0 0 0 0 0 0 0 1 0 12 -19 -15 4 -17 -11 -6 -20 -13 -5 
0 0 0 0 0 0 0 0 0 1 -4 20 2 -3 8 0 2 -10 -11 -18 
