14 10 4 2 0 6 7 5 3 6 0 18 14 18 1 14 8 10 4 5 

24 27 9 6 28 26 1 24 20 5 

1 0 0 0 0 0 0 0 0 0 -15 -2 -13 -8 -17 -10 0 -1 5 -10 
0 1 0 0 0 0 0 0 0 0 -19 16 12 6 -20 -3 8 -5 11 -15 
0 0 1 0 0 0 0 0 0 0 14 -16 3 -3 0 0 5 8 7 17 
0 0 0 1 0 0 0 0 0 0 14 12 -4 -20 -17 1 -8 5 20 17 
0 0 0 0 1 0 0 0 0 0 15 -18 14 7 8 15 -15 -4 -9 18 
0 0 0 0 0 1 0 0 0 0 3 -14 -19 -13 4 4 7 -10 -9 -7 
0 0 0 0 0 0 1 0 0 0 -14 -14 -13 4 -11 -10 -16 1 18 -15 
0 0 0 0 0 0 0 1 0 0 0 12 -13 -7 0 18 -13 5 -7 0 
0 0 0 0 0 0 0 0 1 0 2 18 9 6 -13 -8 -9 14 4 4 
0 0 0 0 0 0 0 0 0 1 -11 13 10 -4 -4 19 8 3 0 5 
