4 1 9 2 9 6 5 2 4 1 8 0 0 6 0 4 1 6 9 3 

18 11 16 15 9 15 18 25 17 21 

1 0 0 0 0 0 0 0 0 0 2 -8 5 10 -16 -2 -5 -9 12 17 
0 1 0 0 0 0 0 0 0 0 -14 -13 -2 -8 19 9 -11 17 -11 7 
0 0 1 0 0 0 0 0 0 0 10 10 -10 5 -10 14 -4 20 -19 9 
0 0 0 1 0 0 0 0 0 0 -16 5 -18 12 -4 -14 -9 12 -2 -16 
0 0 0 0 1 0 0 0 0 0 8 4 -8 -13 18 -8 19 -13 -12 -13 
0 0 0 0 0 1 0 0 0 0 16 20 19 -15 4 -9 -19 -18 -10 -16 
0 0 0 0 0 0 1 0 0 0 11 -4 9 15 -11 -15 -19 2 17 1 
0 0 0 0 0 0 0 1 0 0 7 6 -14 -20 15 -17 -6 13 -8 4 
0 0 0 0 0 0 0 0 1 0 -18 -13 4 -18 -5 -13 -7 -4 -9 5 
0 0 0 0 0 0 0 0 0 1 0 -19 -17 -10 19 -6 -5 20 17 -7 
