5 0 7 9 9 0 6 6 4 9 2 1 3 5 8 2 6 0 8 5 

6 26 27 24 13 28 1 21 0 10 

1 0 0 0 0 0 0 0 0 0 7 14 -12 6 -8 -14 -6 10 -15 14 
0 1 0 0 0 0 0 0 0 0 -20 -2 7 5 -15 8 -4 8 -1 -19 
0 0 1 0 0 0 0 0 0 0 -7 10 11 19 -20 13 6 8 17 12 
0 0 0 1 0 0 0 0 0 0 0 3 7 10 -9 19 16 5 8 -18 
0 0 0 0 1 0 0 0 0 0 1 10 1 -13 -5 8 17 13 -5 -5 
0 0 0 0 0 1 0 0 0 0 14 8 -13 7 8 -11 1 -6 17 -2 
0 0 0 0 0 0 1 0 0 0 -13 -4 -18 15 -15 -7 15 -17 19 3 
0 0 0 0 0 0 0 1 0 0 -15 -1 -6 6 6 11 -5 4 4 10 
0 0 0 0 0 0 0 0 1 0 -20 -1 -1 -13 -15 -11 -4 7 3 -6 
0 0 0 0 0 0 0 0 0 1 -16 12 12 -14 6 18 0 1 -18 0 
