32 39 39 23 23 22 29 39 32 31 1 16 30 15 18 36 32 1 12 38 

17 4 5 29 1 13 20 19 23 29 

1 0 0 0 0 0 0 0 0 0 19 -16 -6 6 14 1 -4 13 -20 16 
0 1 0 0 0 0 0 0 0 0 6 -16 8 -19 11 -10 4 -14 15 13 
0 0 1 0 0 0 0 0 0 0 14 -10 -9 -18 10 14 -5 -17 -8 5 
0 0 0 1 0 0 0 0 0 0 17 -10 10 -10 18 5 11 -7 -3 13 
0 0 0 0 1 0 0 0 0 0 -10 -16 17 20 -13 9 -9 14 18 -14 
0 0 0 0 0 1 0 0 0 0 8 11 -4 20 15 -14 13 -11 -9 -14 
0 0 0 0 0 0 1 0 0 0 15 -12 -2 6 0 -5 -10 -7 10 10 
0 0 0 0 0 0 0 1 0 0 -15 20 14 -16 20 -17 15 -10 17 12 
0 0 0 0 0 0 0 0 1 0 -2 4 2 15 5 -1 -18 0 10 -7 
0 0 0 0 0 0 0 0 0 1 6 6 3 -16 -9 -15 -1 2 -2 -11 
