3 2 2 4 8 0 6 5 3 3 9 9 2 9 4 9 6 1 1 9 

23 10 24 15 18 18 21 2 10 8 

1 0 0 0 0 0 0 0 0 0 -18 9 -6 1 -3 5 -15 17 -12 -16 
0 1 0 0 0 0 0 0 0 0 8 -12 17 -6 2 -14 13 15 13 3 
0 0 1 0 0 0 0 0 0 0 -20 -2 -6 19 -7 -9 -4 10 -8 -9 
0 0 0 1 0 0 0 0 0 0 -9 -5 -19 7 16 -2 -6 -17 -4 2 
0 0 0 0 1 0 0 0 0 0 -13 -17 12 -16 -2 -7 -8 -8 -11 -13 
0 0 0 0 0 1 0 0 0 0 17 -11 5 -10 -10 -20 1 8 12 14 
0 0 0 0 0 0 1 0 0 0 19 -17 -10 -18 12 -15 2 -15 -10 19 
0 0 0 0 0 0 0 1 0 0 9 -2 -17 1 4 3 16 16 15 -15 
0 0 0 0 0 0 0 0 1 0 -18 14 -6 10 -15 6 10 7 -6 1 
0 0 0 0 0 0 0 0 0 1 2 -6 6 12 -4 -2 19 19 5 -9 
