9 0 7 8 2 7 0 5 4 4 6 3 4 2 4 8 6 9 2 3 1 8 1 9 2 9 5 3 8 4 8 8 4 5 8 9 4 8 6 0 3 2 6 7 6 0 7 3 1 9 6 2 7 7 3 1 9 8 6 9 

14 8 29 11 8 4 23 14 18 2 23 6 28 1 16 16 13 23 23 23 5 27 7 18 12 19 14 23 12 26 

1 0 0 0 0 0 0 0 0 0 0 0 0 0 0 0 0 0 0 0 0 0 0 0 0 0 0 0 0 0 7 -15 12 0 -17 16 16 -11 4 -19 -15 16 -16 -7 -1 12 3 20 -5 0 20 -20 1 -12 -6 10 0 18 -16 4 
0 1 0 0 0 0 0 0 0 0 0 0 0 0 0 0 0 0 0 0 0 0 0 0 0 0 0 0 0 0 -18 13 11 16 -6 17 14 -10 -15 -1 -7 -8 -6 -3 5 14 -10 -10 15 8 10 16 8 -8 -14 -17 -17 8 -18 -11 
0 0 1 0 0 0 0 0 0 0 0 0 0 0 0 0 0 0 0 0 0 0 0 0 0 0 0 0 0 0 -9 -15 -19 -17 -18 -4 -19 16 8 -11 -3 -20 1 13 -1 -12 8 10 -2 2 -3 -13 0 -14 1 6 -9 4 -7 -7 
0 0 0 1 0 0 0 0 0 0 0 0 0 0 0 0 0 0 0 0 0 0 0 0 0 0 0 0 0 0 14 6 0 17 9 3 -8 13 0 20 -19 17 -19 2 10 1 10 -3 -10 -13 -19 9 -4 1 17 17 -14 -13 1 1 
0 0 0 0 1 0 0 0 0 0 0 0 0 0 0 0 0 0 0 0 0 0 0 0 0 0 0 0 0 0 0 -4 -14 -20 -8 17 5 5 9 -16 6 10 -17 8 -8 15 -12 -17 -7 0 -7 -4 -10 9 17 -12 6 -16 -3 -12 
0 0 0 0 0 1 0 0 0 0 0 0 0 0 0 0 0 0 0 0 0 0 0 0 0 0 0 0 0 0 5 19 6 11 -20 18 8 5 4 -4 12 -8 -12 17 20 2 13 -11 5 -15 11 18 2 -18 9 0 -8 -4 5 9 
0 0 0 0 0 0 1 0 0 0 0 0 0 0 0 0 0 0 0 0 0 0 0 0 0 0 0 0 0 0 4 -11 7 -9 -18 8 -10 12 -6 15 -13 -13 -12 -5 -17 -11 19 16 -2 4 -17 -10 3 7 -6 -7 -14 6 9 13 
0 0 0 0 0 0 0 1 0 0 0 0 0 0 0 0 0 0 0 0 0 0 0 0 0 0 0 0 0 0 -6 -6 -16 -18 5 -14 12 16 18 -14 12 -14 -7 20 4 -1 -12 2 -4 8 -13 -1 20 11 -15 -7 -17 -6 19 15 
0 0 0 0 0 0 0 0 1 0 0 0 0 0 0 0 0 0 0 0 0 0 0 0 0 0 0 0 0 0 -14 -6 -12 -10 -4 16 -4 -12 11 -5 -4 4 2 11 3 -15 -11 13 9 6 0 17 -14 -1 9 -6 14 14 8 14 
0 0 0 0 0 0 0 0 0 1 0 0 0 0 0 0 0 0 0 0 0 0 0 0 0 0 0 0 0 0 8 14 -13 17 -14 5 14 4 15 6 20 -8 -11 3 -17 12 10 -6 6 -2 20 -15 -6 -12 6 -18 2 1 17 -9 
0 0 0 0 0 0 0 0 0 0 1 0 0 0 0 0 0 0 0 0 0 0 0 0 0 0 0 0 0 0 -6 6 -14 3 4 -8 -13 -3 17 -16 -18 18 -4 -9 0 -1 -16 -11 14 10 9 15 17 -17 -18 4 -13 6 -16 -15 
0 0 0 0 0 0 0 0 0 0 0 1 0 0 0 0 0 0 0 0 0 0 0 0 0 0 0 0 0 0 17 -2 12 -17 -20 -5 -3 -10 13 -7 -6 15 -8 10 -12 12 -11 -8 -18 -18 -16 12 19 -20 17 -17 5 -17 9 9 
0 0 0 0 0 0 0 0 0 0 0 0 1 0 0 0 0 0 0 0 0 0 0 0 0 0 0 0 0 0 -11 8 -11 -18 11 -11 -3 -13 -1 -9 3 13 -12 15 3 -4 9 14 10 13 18 14 4 16 17 2 19 1 6 10 
0 0 0 0 0 0 0 0 0 0 0 0 0 1 0 0 0 0 0 0 0 0 0 0 0 0 0 0 0 0 -9 17 -3 0 19 -11 12 -3 -2 -8 9 -20 -15 17 18 10 -8 8 5 -17 0 2 18 -14 -3 14 8 -2 -4 -5 
0 0 0 0 0 0 0 0 0 0 0 0 0 0 1 0 0 0 0 0 0 0 0 0 0 0 0 0 0 0 -13 9 -7 4 -9 -9 15 -18 11 -8 -6 -1 -5 1 -3 -8 -8 9 -19 17 14 3 0 11 9 20 6 -1 -3 -17 
0 0 0 0 0 0 0 0 0 0 0 0 0 0 0 1 0 0 0 0 0 0 0 0 0 0 0 0 0 0 14 6 13 -13 -9 -17 0 -15 -13 -8 -3 3 11 12 -14 -13 -15 0 18 -12 -1 14 12 19 4 2 18 -8 -20 -4 
0 0 0 0 0 0 0 0 0 0 0 0 0 0 0 0 1 0 0 0 0 0 0 0 0 0 0 0 0 0 -5 17 -19 -11 -15 -6 -6 7 -1 1 20 19 -14 12 10 -8 -19 18 12 -20 -15 -10 14 19 -9 -2 1 -12 12 3 
0 0 0 0 0 0 0 0 0 0 0 0 0 0 0 0 0 1 0 0 0 0 0 0 0 0 0 0 0 0 7 -12 1 10 -2 6 -16 14 -5 3 -5 -6 3 3 -15 -5 15 -12 -8 8 -11 -1 -20 -18 0 -9 0 -20 -1 -7 
0 0 0 0 0 0 0 0 0 0 0 0 0 0 0 0 0 0 1 0 0 0 0 0 0 0 0 0 0 0 5 -13 2 -14 18 -19 14 -19 15 -12 6 -9 4 -11 14 12 4 10 20 18 -2 -12 -2 -2 -9 18 9 13 20 -11 
0 0 0 0 0 0 0 0 0 0 0 0 0 0 0 0 0 0 0 1 0 0 0 0 0 0 0 0 0 0 -14 7 -3 10 13 -6 11 8 -3 7 19 -18 -20 2 -7 14 -7 19 4 -5 18 -17 3 -4 1 16 -5 -9 9 -5 
0 0 0 0 0 0 0 0 0 0 0 0 0 0 0 0 0 0 0 0 1 0 0 0 0 0 0 0 0 0 2 17 -19 19 8 16 -6 0 3 13 -14 1 18 -14 -15 -10 -18 0 -9 8 15 -12 11 0 6 -7 -5 -19 6 -15 
0 0 0 0 0 0 0 0 0 0 0 0 0 0 0 0 0 0 0 0 0 1 0 0 0 0 0 0 0 0 -4 -13 -17 -3 -12 11 -6 4 -8 19 -3 1 0 -6 9 7 4 11 -14 17 0 -17 -15 -10 5 11 5 20 12 -8 
0 0 0 0 0 0 0 0 0 0 0 0 0 0 0 0 0 0 0 0 0 0 1 0 0 0 0 0 0 0 -13 -11 0 -10 8 10 -17 -19 -7 -5 -20 10 18 2 -17 7 -12 10 -3 -4 6 18 1 13 -11 -15 6 17 -13 -3 
0 0 0 0 0 0 0 0 0 0 0 0 0 0 0 0 0 0 0 0 0 0 0 1 0 0 0 0 0 0 -12 -6 9 10 6 -4 -1 11 0 13 -14 0 4 -17 -17 10 12 -7 1 -11 9 -12 -12 -8 -19 -1 -3 7 -5 6 
0 0 0 0 0 0 0 0 0 0 0 0 0 0 0 0 0 0 0 0 0 0 0 0 1 0 0 0 0 0 -15 6 20 14 -5 8 -8 17 -2 12 11 4 -7 -6 10 -4 -15 1 9 6 12 -1 15 -19 11 16 1 -10 4 18 
0 0 0 0 0 0 0 0 0 0 0 0 0 0 0 0 0 0 0 0 0 0 0 0 0 1 0 0 0 0 16 11 5 18 7 -20 5 19 19 -18 12 9 9 -16 -16 0 0 -10 -18 -10 16 15 9 10 18 2 7 0 14 -10 
0 0 0 0 0 0 0 0 0 0 0 0 0 0 0 0 0 0 0 0 0 0 0 0 0 0 1 0 0 0 -2 9 -17 -18 8 10 -16 -8 8 -18 -3 -1 11 -15 5 16 7 -16 -13 9 -6 -18 5 -16 13 3 6 1 -18 -1 
0 0 0 0 0 0 0 0 0 0 0 0 0 0 0 0 0 0 0 0 0 0 0 0 0 0 0 1 0 0 12 2 -10 15 7 20 6 11 -6 -7 16 11 14 8 18 -2 5 4 4 12 -8 18 15 18 -17 9 2 10 -11 4 
0 0 0 0 0 0 0 0 0 0 0 0 0 0 0 0 0 0 0 0 0 0 0 0 0 0 0 0 1 0 -10 -18 -12 2 19 15 2 4 5 16 19 2 6 14 -10 5 -9 15 -12 17 7 2 16 3 -1 20 -9 -18 9 2 
0 0 0 0 0 0 0 0 0 0 0 0 0 0 0 0 0 0 0 0 0 0 0 0 0 0 0 0 0 1 9 -20 7 17 3 5 11 -14 -9 -3 -19 -11 20 9 -15 -9 -7 -2 -15 3 -5 14 -16 -10 -2 6 -11 11 8 20 
