18 0 22 0 26 24 28 6 6 17 15 7 12 22 8 1 3 18 26 25 11 21 12 12 28 17 26 15 12 24 7 0 25 22 1 13 8 21 12 15 8 27 14 20 11 14 13 6 2 9 1 5 0 14 10 21 23 6 6 5 

15 28 10 4 12 12 27 27 8 18 3 19 3 22 9 17 4 25 12 14 19 4 15 4 21 20 11 16 6 3 

1 0 0 0 0 0 0 0 0 0 0 0 0 0 0 0 0 0 0 0 0 0 0 0 0 0 0 0 0 0 -17 1 0 7 -6 -12 -12 -1 19 20 13 -16 11 -5 -9 9 -11 -13 2 -18 -10 -18 0 -12 5 8 19 17 -20 -9 
0 1 0 0 0 0 0 0 0 0 0 0 0 0 0 0 0 0 0 0 0 0 0 0 0 0 0 0 0 0 17 -17 15 -3 13 -10 7 -20 9 7 -19 4 13 13 19 -17 3 -13 -7 -16 -9 5 -12 14 13 16 1 13 14 2 
0 0 1 0 0 0 0 0 0 0 0 0 0 0 0 0 0 0 0 0 0 0 0 0 0 0 0 0 0 0 -17 11 7 20 -11 -1 -10 16 1 -20 2 3 4 -6 -3 4 -1 20 13 12 -15 -16 -2 -5 20 -8 -10 0 -16 -16 
0 0 0 1 0 0 0 0 0 0 0 0 0 0 0 0 0 0 0 0 0 0 0 0 0 0 0 0 0 0 -19 -10 15 11 -9 -17 -11 1 19 11 4 2 -5 -11 16 12 14 -4 13 6 -10 20 12 8 -6 11 -20 7 -7 -14 
0 0 0 0 1 0 0 0 0 0 0 0 0 0 0 0 0 0 0 0 0 0 0 0 0 0 0 0 0 0 11 -4 -2 7 -14 10 10 -4 -8 10 -12 16 -9 3 -13 -12 -4 -18 6 -10 10 16 -11 2 4 5 -6 6 -9 7 
0 0 0 0 0 1 0 0 0 0 0 0 0 0 0 0 0 0 0 0 0 0 0 0 0 0 0 0 0 0 14 -17 -15 -8 10 -9 -19 -1 9 -7 -10 17 -9 3 1 0 13 19 2 -1 -12 -9 -6 -1 13 20 -16 -11 7 -3 
0 0 0 0 0 0 1 0 0 0 0 0 0 0 0 0 0 0 0 0 0 0 0 0 0 0 0 0 0 0 18 1 1 -18 15 -10 -6 18 12 -16 -8 -19 -17 3 7 4 -16 -1 3 6 20 13 18 -6 -8 12 -5 -4 -20 -16 
0 0 0 0 0 0 0 1 0 0 0 0 0 0 0 0 0 0 0 0 0 0 0 0 0 0 0 0 0 0 15 -20 5 -5 -18 1 8 -2 -2 -1 3 10 2 6 -5 -12 -9 1 10 14 -13 9 9 -16 -16 -20 18 0 -2 -20 
0 0 0 0 0 0 0 0 1 0 0 0 0 0 0 0 0 0 0 0 0 0 0 0 0 0 0 0 0 0 6 -8 -20 -10 8 -18 13 -3 3 -8 16 -13 -17 -1 13 0 10 -15 -19 -1 -19 -12 -11 10 -6 -6 10 -9 16 -13 
0 0 0 0 0 0 0 0 0 1 0 0 0 0 0 0 0 0 0 0 0 0 0 0 0 0 0 0 0 0 -9 1 -1 -7 13 -12 -2 7 5 -20 19 2 -13 -19 -19 -19 2 11 -14 3 -9 -11 13 0 19 -14 16 8 -1 11 
0 0 0 0 0 0 0 0 0 0 1 0 0 0 0 0 0 0 0 0 0 0 0 0 0 0 0 0 0 0 17 13 -7 -4 -15 -13 6 3 14 -7 5 12 15 14 14 18 15 -3 8 -17 -19 -20 -8 14 1 -9 -19 -2 -20 0 
0 0 0 0 0 0 0 0 0 0 0 1 0 0 0 0 0 0 0 0 0 0 0 0 0 0 0 0 0 0 -9 18 -6 4 -5 0 12 -20 -16 5 -5 10 -1 -10 3 -6 -13 0 11 18 3 14 18 17 9 0 -11 12 -20 -10 
0 0 0 0 0 0 0 0 0 0 0 0 1 0 0 0 0 0 0 0 0 0 0 0 0 0 0 0 0 0 -9 -9 -11 8 15 4 -13 8 6 -9 -5 -19 -18 14 -7 8 -13 2 -13 20 -1 12 13 -1 10 3 -20 20 -6 -20 
0 0 0 0 0 0 0 0 0 0 0 0 0 1 0 0 0 0 0 0 0 0 0 0 0 0 0 0 0 0 -9 7 -9 0 -6 -12 -15 1 16 13 15 -10 16 19 -15 -10 6 -8 13 15 -7 -9 8 -15 10 -2 10 11 -1 -17 
0 0 0 0 0 0 0 0 0 0 0 0 0 0 1 0 0 0 0 0 0 0 0 0 0 0 0 0 0 0 11 10 11 -16 -9 -14 -8 -2 10 -13 -8 6 0 -12 4 5 -2 -8 20 -8 -12 -8 4 19 0 -5 -4 -11 -13 17 
0 0 0 0 0 0 0 0 0 0 0 0 0 0 0 1 0 0 0 0 0 0 0 0 0 0 0 0 0 0 -5 -20 6 -15 -16 19 -7 -2 -4 -18 7 8 8 -14 18 -6 14 -2 6 13 10 16 -16 -5 14 6 13 -9 16 20 
0 0 0 0 0 0 0 0 0 0 0 0 0 0 0 0 1 0 0 0 0 0 0 0 0 0 0 0 0 0 -13 -10 -19 15 -3 -13 13 10 5 -10 15 -8 -20 2 0 18 16 -7 -3 3 -13 -11 -1 -6 4 -6 20 -4 6 17 
0 0 0 0 0 0 0 0 0 0 0 0 0 0 0 0 0 1 0 0 0 0 0 0 0 0 0 0 0 0 -2 13 -14 1 10 5 11 2 -3 -5 15 -9 9 15 15 -9 14 13 4 -9 -5 14 2 16 -13 -15 -10 -14 4 16 
0 0 0 0 0 0 0 0 0 0 0 0 0 0 0 0 0 0 1 0 0 0 0 0 0 0 0 0 0 0 -17 -17 10 -9 4 -1 19 -4 -17 -3 12 20 10 2 14 4 13 9 -4 -1 -19 14 -8 3 9 1 9 -20 7 -6 
0 0 0 0 0 0 0 0 0 0 0 0 0 0 0 0 0 0 0 1 0 0 0 0 0 0 0 0 0 0 16 12 -3 8 -15 -18 -12 -15 -1 -9 2 -8 -10 -9 16 -15 17 11 15 -7 -11 18 -12 3 1 17 -17 -9 18 12 
0 0 0 0 0 0 0 0 0 0 0 0 0 0 0 0 0 0 0 0 1 0 0 0 0 0 0 0 0 0 5 15 6 -17 4 11 -13 13 16 8 -15 -1 20 -2 10 18 5 6 8 1 -20 19 -1 -12 3 20 -13 8 -10 -14 
0 0 0 0 0 0 0 0 0 0 0 0 0 0 0 0 0 0 0 0 0 1 0 0 0 0 0 0 0 0 -1 15 -18 -14 20 7 17 -14 1 14 15 8 -8 16 -15 -17 13 13 12 2 -7 12 2 12 -20 -16 11 -11 14 -18 
0 0 0 0 0 0 0 0 0 0 0 0 0 0 0 0 0 0 0 0 0 0 1 0 0 0 0 0 0 0 -5 -7 19 -3 1 18 -15 0 -16 6 -5 -20 -4 8 16 3 13 11 -5 4 -6 9 -4 17 0 -2 -18 -7 9 17 
0 0 0 0 0 0 0 0 0 0 0 0 0 0 0 0 0 0 0 0 0 0 0 1 0 0 0 0 0 0 -5 -17 -9 -6 2 12 -7 8 -9 -1 -5 7 -1 11 -4 -3 -6 -10 -11 9 15 3 -1 -8 -1 -19 12 4 -6 0 
0 0 0 0 0 0 0 0 0 0 0 0 0 0 0 0 0 0 0 0 0 0 0 0 1 0 0 0 0 0 0 11 3 13 -14 -16 4 2 14 18 -20 -11 6 0 -19 -17 19 -5 -7 -13 -14 -11 10 5 3 -9 8 -6 17 -17 
0 0 0 0 0 0 0 0 0 0 0 0 0 0 0 0 0 0 0 0 0 0 0 0 0 1 0 0 0 0 16 -4 15 -2 -10 -18 5 16 4 0 15 7 9 0 -12 11 5 -14 -13 -20 -7 -7 -11 -16 -20 13 -3 8 -12 -7 
0 0 0 0 0 0 0 0 0 0 0 0 0 0 0 0 0 0 0 0 0 0 0 0 0 0 1 0 0 0 12 -16 11 8 4 -20 12 -10 17 -2 11 11 -14 -1 -7 -6 -9 18 2 -1 20 15 14 -11 -20 14 -17 -2 4 -7 
0 0 0 0 0 0 0 0 0 0 0 0 0 0 0 0 0 0 0 0 0 0 0 0 0 0 0 1 0 0 13 -3 -1 4 -14 -17 6 20 -7 2 -1 -17 -5 5 5 8 19 18 7 0 -4 7 -4 -8 18 -1 -13 -18 19 13 
0 0 0 0 0 0 0 0 0 0 0 0 0 0 0 0 0 0 0 0 0 0 0 0 0 0 0 0 1 0 -5 11 -11 15 -6 -3 20 -20 -3 -8 4 16 -2 19 1 -16 8 1 -19 -5 -19 0 -17 -1 14 -20 18 -20 -16 16 
0 0 0 0 0 0 0 0 0 0 0 0 0 0 0 0 0 0 0 0 0 0 0 0 0 0 0 0 0 1 14 1 7 -16 -5 -18 2 -4 -16 -20 11 11 18 -10 11 -2 -6 -1 -19 -3 16 -16 19 -20 3 12 -20 3 15 -14 
