27 28 19 23 4 12 21 24 22 0 24 29 6 15 10 22 25 3 18 22 21 28 1 15 16 12 17 4 17 16 18 15 15 29 0 19 3 21 13 26 21 29 17 27 15 27 11 2 22 29 25 6 20 18 21 28 1 0 2 18 

23 22 23 7 12 25 13 30 13 22 17 5 10 24 3 4 3 28 10 19 17 25 9 6 11 17 20 28 26 20 

1 0 0 0 0 0 0 0 0 0 0 0 0 0 0 0 0 0 0 0 0 0 0 0 0 0 0 0 0 0 2 -4 -7 -5 -4 -15 -20 19 -5 -14 10 15 -7 11 14 -6 -19 7 9 14 -14 -2 -18 -15 18 0 0 -5 -14 -6 
0 1 0 0 0 0 0 0 0 0 0 0 0 0 0 0 0 0 0 0 0 0 0 0 0 0 0 0 0 0 7 10 10 -19 -15 -15 -14 -13 -14 4 -7 18 0 8 8 -6 -19 10 -20 13 5 -12 -10 8 -5 -10 -13 17 5 -5 
0 0 1 0 0 0 0 0 0 0 0 0 0 0 0 0 0 0 0 0 0 0 0 0 0 0 0 0 0 0 -10 -9 -15 -19 -6 -8 -11 0 1 -5 -15 14 -8 8 2 -20 -19 5 12 -17 -3 -2 -7 8 -15 10 18 -6 6 4 
0 0 0 1 0 0 0 0 0 0 0 0 0 0 0 0 0 0 0 0 0 0 0 0 0 0 0 0 0 0 10 16 15 17 19 -12 -10 -13 10 11 4 18 6 19 5 -11 19 8 15 12 11 -9 -11 -15 -20 -3 15 20 11 0 
0 0 0 0 1 0 0 0 0 0 0 0 0 0 0 0 0 0 0 0 0 0 0 0 0 0 0 0 0 0 3 2 -3 -1 0 -5 9 12 5 1 2 -10 -2 -10 -12 -18 1 -12 12 -5 20 2 9 -11 9 11 8 3 13 -2 
0 0 0 0 0 1 0 0 0 0 0 0 0 0 0 0 0 0 0 0 0 0 0 0 0 0 0 0 0 0 -16 -3 -18 1 19 2 18 9 -6 4 -11 18 15 9 -11 -18 13 11 -9 4 -13 -10 -15 18 1 16 11 -12 -2 3 
0 0 0 0 0 0 1 0 0 0 0 0 0 0 0 0 0 0 0 0 0 0 0 0 0 0 0 0 0 0 9 2 -19 13 -16 -19 -6 -16 11 10 8 20 10 4 11 19 7 3 11 18 -13 19 -11 -6 18 13 -10 8 -18 10 
0 0 0 0 0 0 0 1 0 0 0 0 0 0 0 0 0 0 0 0 0 0 0 0 0 0 0 0 0 0 -8 13 -6 -6 5 -2 -3 -19 2 -13 11 -8 -11 0 16 20 1 2 4 -9 1 11 -9 13 -13 -11 7 -1 17 11 
0 0 0 0 0 0 0 0 1 0 0 0 0 0 0 0 0 0 0 0 0 0 0 0 0 0 0 0 0 0 -12 -11 4 2 5 -10 -18 -19 -9 4 -9 -18 18 0 4 14 1 -14 -3 -16 -2 -20 18 9 15 -14 20 3 5 17 
0 0 0 0 0 0 0 0 0 1 0 0 0 0 0 0 0 0 0 0 0 0 0 0 0 0 0 0 0 0 -7 15 -13 19 -3 12 -11 -1 15 0 -16 -15 4 -16 7 -10 18 -13 -4 -4 -6 16 -2 -9 7 -8 -3 6 15 -17 
0 0 0 0 0 0 0 0 0 0 1 0 0 0 0 0 0 0 0 0 0 0 0 0 0 0 0 0 0 0 4 -10 18 11 -12 -6 4 -3 15 1 20 -19 6 5 -15 -5 17 -16 2 -5 0 18 -10 19 -12 19 -8 7 7 -11 
0 0 0 0 0 0 0 0 0 0 0 1 0 0 0 0 0 0 0 0 0 0 0 0 0 0 0 0 0 0 10 -8 -1 10 -17 7 -17 9 -14 -20 -11 -13 -19 18 14 -12 -8 11 -8 16 -15 12 14 -3 12 -17 -4 -14 13 -16 
0 0 0 0 0 0 0 0 0 0 0 0 1 0 0 0 0 0 0 0 0 0 0 0 0 0 0 0 0 0 -5 4 -4 14 -7 1 2 -1 -10 10 -1 1 19 2 -2 13 10 12 3 -19 10 8 15 5 -16 9 8 2 15 2 
0 0 0 0 0 0 0 0 0 0 0 0 0 1 0 0 0 0 0 0 0 0 0 0 0 0 0 0 0 0 6 -11 -14 -18 -18 -1 5 6 18 15 -4 -2 -2 -6 20 18 -14 11 10 11 12 1 0 9 -15 5 -3 15 -12 -9 
0 0 0 0 0 0 0 0 0 0 0 0 0 0 1 0 0 0 0 0 0 0 0 0 0 0 0 0 0 0 -3 17 0 5 -20 4 -17 5 -11 -17 0 7 3 20 -17 3 17 -9 -7 8 -18 -13 -12 2 16 -7 -12 -8 -10 -3 
0 0 0 0 0 0 0 0 0 0 0 0 0 0 0 1 0 0 0 0 0 0 0 0 0 0 0 0 0 0 3 9 -5 -16 -7 -5 8 -2 20 17 1 1 6 -14 0 9 9 -3 20 -17 -16 -17 -8 -5 8 -13 10 16 1 20 
0 0 0 0 0 0 0 0 0 0 0 0 0 0 0 0 1 0 0 0 0 0 0 0 0 0 0 0 0 0 -6 -15 8 9 -11 -18 -17 17 1 -15 16 -17 6 1 -11 -12 -9 20 7 -8 -15 11 -4 -3 -15 -17 5 18 -20 -13 
0 0 0 0 0 0 0 0 0 0 0 0 0 0 0 0 0 1 0 0 0 0 0 0 0 0 0 0 0 0 17 -5 -7 7 -15 2 9 -9 1 -9 -4 -2 -5 -17 19 6 -9 -9 8 18 3 13 11 -20 -11 18 -15 16 15 -14 
0 0 0 0 0 0 0 0 0 0 0 0 0 0 0 0 0 0 1 0 0 0 0 0 0 0 0 0 0 0 -17 14 3 -2 0 8 -19 -10 -20 2 4 -4 20 -20 2 20 6 15 -10 -7 13 16 -15 5 16 -3 2 -19 -8 -1 
0 0 0 0 0 0 0 0 0 0 0 0 0 0 0 0 0 0 0 1 0 0 0 0 0 0 0 0 0 0 -11 -3 -8 12 15 14 1 17 -15 4 -2 9 -19 0 9 3 -1 -3 -2 12 12 -8 7 20 17 4 -4 0 7 10 
0 0 0 0 0 0 0 0 0 0 0 0 0 0 0 0 0 0 0 0 1 0 0 0 0 0 0 0 0 0 19 16 -13 -8 9 -17 -15 -8 20 -7 16 0 -17 17 20 15 0 0 -7 20 -9 -16 -9 20 -15 -13 4 3 7 -10 
0 0 0 0 0 0 0 0 0 0 0 0 0 0 0 0 0 0 0 0 0 1 0 0 0 0 0 0 0 0 -7 8 -12 2 20 17 5 -13 -12 7 0 -17 -14 5 -18 -13 -1 2 7 12 1 -20 19 14 20 -17 -18 5 7 11 
0 0 0 0 0 0 0 0 0 0 0 0 0 0 0 0 0 0 0 0 0 0 1 0 0 0 0 0 0 0 16 -19 -2 -15 5 0 -17 -9 7 -8 18 -12 -3 -17 13 -1 -10 -6 -18 20 -15 5 20 -17 -2 19 -11 0 4 18 
0 0 0 0 0 0 0 0 0 0 0 0 0 0 0 0 0 0 0 0 0 0 0 1 0 0 0 0 0 0 -9 1 19 11 8 5 -10 11 16 19 -18 14 -12 2 19 -17 -18 -11 -3 -15 -10 2 10 -11 8 -10 -13 17 12 13 
0 0 0 0 0 0 0 0 0 0 0 0 0 0 0 0 0 0 0 0 0 0 0 0 1 0 0 0 0 0 14 -16 -5 14 16 -18 -2 -13 14 -5 -14 18 -12 -6 -1 -13 -1 2 -2 16 9 8 0 -2 19 -11 10 -15 -15 2 
0 0 0 0 0 0 0 0 0 0 0 0 0 0 0 0 0 0 0 0 0 0 0 0 0 1 0 0 0 0 -20 -20 8 -5 16 3 -2 -5 13 -9 10 19 -12 19 -6 10 -13 14 -9 7 11 20 -4 -10 -1 -6 -1 -9 1 6 
0 0 0 0 0 0 0 0 0 0 0 0 0 0 0 0 0 0 0 0 0 0 0 0 0 0 1 0 0 0 13 3 8 0 19 3 -15 -2 18 18 11 10 18 -20 10 -7 10 17 -12 -18 5 20 -17 -20 -9 3 -4 13 14 17 
0 0 0 0 0 0 0 0 0 0 0 0 0 0 0 0 0 0 0 0 0 0 0 0 0 0 0 1 0 0 -2 8 0 -14 -11 0 11 -4 18 11 -7 8 0 -8 8 -11 6 0 -13 16 2 14 15 6 14 -12 -10 -9 -20 -15 
0 0 0 0 0 0 0 0 0 0 0 0 0 0 0 0 0 0 0 0 0 0 0 0 0 0 0 0 1 0 -11 -2 15 11 6 -17 -10 -1 2 -11 -11 15 19 11 -11 9 -19 17 -12 -12 12 12 -17 9 -3 19 17 9 -11 17 
0 0 0 0 0 0 0 0 0 0 0 0 0 0 0 0 0 0 0 0 0 0 0 0 0 0 0 0 0 1 14 -2 -4 8 -9 -16 14 1 3 -5 13 14 -9 13 4 2 1 7 -2 11 17 -10 3 20 19 -19 18 17 13 -14 
