5 8 6 1 2 4 5 1 9 8 3 1 3 2 1 9 2 3 7 6 9 0 4 4 5 5 3 2 8 8 1 5 6 7 6 0 1 2 4 3 2 7 6 5 1 7 5 3 0 2 2 2 4 6 6 0 3 1 2 3 

11 23 1 1 28 29 6 20 18 18 1 15 12 5 4 19 7 14 26 19 1 8 23 21 3 18 12 3 13 23 

1 0 0 0 0 0 0 0 0 0 0 0 0 0 0 0 0 0 0 0 0 0 0 0 0 0 0 0 0 0 17 -18 -19 0 -18 -16 -17 -10 -5 -11 -5 0 20 -16 19 9 17 7 20 19 -1 -14 8 -6 3 12 12 6 -16 3 
0 1 0 0 0 0 0 0 0 0 0 0 0 0 0 0 0 0 0 0 0 0 0 0 0 0 0 0 0 0 -3 -20 7 0 2 9 6 6 20 -20 17 -4 2 19 0 1 7 -4 -13 8 -4 8 16 -17 -16 -2 15 16 -17 -20 
0 0 1 0 0 0 0 0 0 0 0 0 0 0 0 0 0 0 0 0 0 0 0 0 0 0 0 0 0 0 0 2 -20 -13 -17 5 18 11 -10 17 12 -12 -6 -7 -14 15 16 13 -8 -17 1 9 13 -4 14 17 17 11 14 -19 
0 0 0 1 0 0 0 0 0 0 0 0 0 0 0 0 0 0 0 0 0 0 0 0 0 0 0 0 0 0 11 -6 4 14 1 9 -2 -2 0 10 -3 -7 18 11 6 -16 7 2 19 -19 7 1 12 1 20 5 -2 16 -5 -9 
0 0 0 0 1 0 0 0 0 0 0 0 0 0 0 0 0 0 0 0 0 0 0 0 0 0 0 0 0 0 19 -12 7 4 -17 -13 -7 1 8 13 -8 -14 -15 -9 19 13 -5 8 -4 -4 9 -16 17 0 6 18 -16 -15 15 2 
0 0 0 0 0 1 0 0 0 0 0 0 0 0 0 0 0 0 0 0 0 0 0 0 0 0 0 0 0 0 -2 14 12 -15 -3 15 -8 12 -5 -19 6 9 -13 13 20 -12 8 -3 16 -17 13 4 -10 11 -15 16 11 -9 -18 5 
0 0 0 0 0 0 1 0 0 0 0 0 0 0 0 0 0 0 0 0 0 0 0 0 0 0 0 0 0 0 13 0 0 4 5 20 -2 20 11 15 -20 -3 5 -10 -11 5 -2 19 -17 -7 -18 18 19 -6 10 -17 -9 0 -6 -7 
0 0 0 0 0 0 0 1 0 0 0 0 0 0 0 0 0 0 0 0 0 0 0 0 0 0 0 0 0 0 -13 -11 13 7 15 0 8 -5 -1 -1 -11 1 18 17 11 -12 3 -10 -13 6 5 -9 3 3 5 -8 6 16 15 -18 
0 0 0 0 0 0 0 0 1 0 0 0 0 0 0 0 0 0 0 0 0 0 0 0 0 0 0 0 0 0 -10 -19 -9 -16 10 -15 4 0 0 -18 19 12 4 18 8 -4 -13 -10 7 -6 18 -9 7 0 17 -7 14 4 -12 8 
0 0 0 0 0 0 0 0 0 1 0 0 0 0 0 0 0 0 0 0 0 0 0 0 0 0 0 0 0 0 6 0 11 19 5 3 -16 -12 -18 6 -9 -18 -3 17 -19 -14 -8 -12 -2 -20 5 -5 -6 -9 15 -8 5 11 16 15 
0 0 0 0 0 0 0 0 0 0 1 0 0 0 0 0 0 0 0 0 0 0 0 0 0 0 0 0 0 0 -2 2 -5 -9 2 20 16 6 -11 18 -6 0 -19 11 -2 -18 20 13 -10 -3 15 15 15 -12 -12 9 0 13 1 -2 
0 0 0 0 0 0 0 0 0 0 0 1 0 0 0 0 0 0 0 0 0 0 0 0 0 0 0 0 0 0 9 -19 -19 -17 -8 3 -16 -13 -11 -6 -14 3 16 -13 -5 -6 -9 -4 -14 3 14 -20 0 8 -9 8 -2 13 2 20 
0 0 0 0 0 0 0 0 0 0 0 0 1 0 0 0 0 0 0 0 0 0 0 0 0 0 0 0 0 0 -10 -10 -18 -9 -6 -6 17 0 3 -15 14 11 10 10 20 -14 -15 -10 5 -9 13 -2 -7 -6 -13 6 -19 7 1 5 
0 0 0 0 0 0 0 0 0 0 0 0 0 1 0 0 0 0 0 0 0 0 0 0 0 0 0 0 0 0 8 11 16 10 -16 -9 -15 -20 11 10 -13 7 0 19 -4 -1 -14 1 11 11 14 6 -10 -12 20 -1 17 -17 -14 -3 
0 0 0 0 0 0 0 0 0 0 0 0 0 0 1 0 0 0 0 0 0 0 0 0 0 0 0 0 0 0 8 16 -13 5 8 -7 16 13 -5 9 5 2 -5 -16 2 13 6 9 -5 -4 -1 -12 -19 10 -2 -19 -10 -6 -16 -4 
0 0 0 0 0 0 0 0 0 0 0 0 0 0 0 1 0 0 0 0 0 0 0 0 0 0 0 0 0 0 11 14 -6 -20 -1 -19 -5 -4 16 11 -16 2 -8 1 7 17 -7 -8 5 8 8 -15 18 12 17 -2 13 -13 12 19 
0 0 0 0 0 0 0 0 0 0 0 0 0 0 0 0 1 0 0 0 0 0 0 0 0 0 0 0 0 0 5 5 14 19 5 -8 -19 20 9 20 12 15 1 -14 -4 -13 -18 11 1 7 1 -9 12 -2 -18 11 18 17 18 10 
0 0 0 0 0 0 0 0 0 0 0 0 0 0 0 0 0 1 0 0 0 0 0 0 0 0 0 0 0 0 17 2 -6 10 3 -20 -16 4 -19 15 5 14 11 -14 20 -14 -5 -19 20 19 10 0 -11 3 20 -7 -7 18 -9 -10 
0 0 0 0 0 0 0 0 0 0 0 0 0 0 0 0 0 0 1 0 0 0 0 0 0 0 0 0 0 0 9 -11 15 -16 -20 -3 -16 -16 -18 -13 -20 10 -18 12 16 -19 20 -8 -16 19 -10 16 0 1 -1 0 16 12 -3 -12 
0 0 0 0 0 0 0 0 0 0 0 0 0 0 0 0 0 0 0 1 0 0 0 0 0 0 0 0 0 0 -16 -13 -3 -20 -9 -2 -1 -5 4 1 4 7 -8 7 -2 -13 10 -3 2 17 -2 12 12 18 -5 -10 -1 -10 -16 18 
0 0 0 0 0 0 0 0 0 0 0 0 0 0 0 0 0 0 0 0 1 0 0 0 0 0 0 0 0 0 -1 -10 -16 18 -10 -5 -5 9 12 -19 -9 -4 8 4 -16 -13 13 14 6 -6 10 -15 -12 4 -17 3 14 2 15 20 
0 0 0 0 0 0 0 0 0 0 0 0 0 0 0 0 0 0 0 0 0 1 0 0 0 0 0 0 0 0 0 -7 -11 6 -9 1 -19 8 -9 13 11 3 -10 0 -12 -4 7 -20 -10 -5 -3 -19 0 5 5 3 -13 1 -13 -19 
0 0 0 0 0 0 0 0 0 0 0 0 0 0 0 0 0 0 0 0 0 0 1 0 0 0 0 0 0 0 2 9 -3 14 -6 10 -6 -3 -1 6 -8 -10 -10 4 12 -2 -20 -1 0 -8 16 19 -7 -5 3 -20 -20 12 3 -11 
0 0 0 0 0 0 0 0 0 0 0 0 0 0 0 0 0 0 0 0 0 0 0 1 0 0 0 0 0 0 16 -16 18 -6 20 -7 -17 -6 13 4 -19 -16 16 -9 8 8 11 8 -12 -8 20 -17 -9 -5 0 16 -3 0 8 -19 
0 0 0 0 0 0 0 0 0 0 0 0 0 0 0 0 0 0 0 0 0 0 0 0 1 0 0 0 0 0 9 5 -15 8 19 -13 -17 -17 1 16 9 4 -19 5 15 9 -6 7 -1 2 19 0 7 -9 15 -14 -13 -7 9 17 
0 0 0 0 0 0 0 0 0 0 0 0 0 0 0 0 0 0 0 0 0 0 0 0 0 1 0 0 0 0 -6 -1 1 2 -13 1 9 -8 6 -11 -11 -6 13 -10 -20 9 19 -6 -3 -3 16 -3 18 4 9 14 11 18 -13 -1 
0 0 0 0 0 0 0 0 0 0 0 0 0 0 0 0 0 0 0 0 0 0 0 0 0 0 1 0 0 0 14 3 18 -4 -16 -14 19 13 0 4 -17 9 20 18 19 -20 8 18 -4 -16 -4 -8 2 -5 18 -10 -9 8 -13 0 
0 0 0 0 0 0 0 0 0 0 0 0 0 0 0 0 0 0 0 0 0 0 0 0 0 0 0 1 0 0 -12 -18 -18 -12 0 -13 -6 -2 -19 15 -17 -15 3 -16 -16 4 -16 13 1 3 17 19 17 -2 -4 14 10 7 2 17 
0 0 0 0 0 0 0 0 0 0 0 0 0 0 0 0 0 0 0 0 0 0 0 0 0 0 0 0 1 0 -14 12 -20 -10 20 0 -1 -6 20 1 -10 -18 8 15 -13 12 -2 -7 4 -20 16 1 -19 12 -20 -3 8 11 -17 -11 
0 0 0 0 0 0 0 0 0 0 0 0 0 0 0 0 0 0 0 0 0 0 0 0 0 0 0 0 0 1 9 -9 -20 10 3 -18 -9 -18 -4 -9 3 8 -7 -10 4 2 -19 -18 16 8 -16 13 -10 -15 7 -10 2 -6 -20 7 
