16 12 18 14 10 9 5 7 9 10 3 14 1 3 1 11 8 2 12 6 15 18 4 12 2 0 8 15 15 15 19 3 7 9 17 10 18 2 17 0 12 0 14 6 15 8 9 3 2 1 1 18 11 6 2 5 18 10 1 13 

15 6 2 8 13 7 9 10 23 6 23 15 5 29 17 21 24 30 1 5 14 15 8 1 3 13 14 14 24 8 

1 0 0 0 0 0 0 0 0 0 0 0 0 0 0 0 0 0 0 0 0 0 0 0 0 0 0 0 0 0 11 17 5 -17 3 -3 -3 -1 -13 -5 -7 15 -8 -8 15 19 -15 -14 -18 -18 18 -11 17 -19 16 -8 14 -2 -19 -18 
0 1 0 0 0 0 0 0 0 0 0 0 0 0 0 0 0 0 0 0 0 0 0 0 0 0 0 0 0 0 11 12 -20 -4 17 6 15 -6 -16 -19 9 0 17 -18 14 11 -18 -19 20 -14 -17 19 -5 20 20 -8 -7 15 13 -4 
0 0 1 0 0 0 0 0 0 0 0 0 0 0 0 0 0 0 0 0 0 0 0 0 0 0 0 0 0 0 19 3 -11 -19 -20 -15 7 16 -1 13 17 -11 -8 15 -7 -12 8 -3 -11 9 3 -6 7 18 -7 8 -8 8 3 -16 
0 0 0 1 0 0 0 0 0 0 0 0 0 0 0 0 0 0 0 0 0 0 0 0 0 0 0 0 0 0 -15 3 9 -6 4 12 -1 -8 7 -20 -15 5 -9 -1 2 5 7 -11 -19 16 18 5 -11 6 4 4 -7 18 -7 18 
0 0 0 0 1 0 0 0 0 0 0 0 0 0 0 0 0 0 0 0 0 0 0 0 0 0 0 0 0 0 -17 -2 1 13 12 -14 6 -9 -1 -8 -7 4 19 4 -18 0 -10 12 11 -8 7 10 19 19 -5 4 2 11 2 18 
0 0 0 0 0 1 0 0 0 0 0 0 0 0 0 0 0 0 0 0 0 0 0 0 0 0 0 0 0 0 8 7 -5 -10 -1 -13 -3 -16 0 16 -2 13 1 -1 -2 5 -20 9 -4 12 -18 -15 1 -20 -17 19 6 7 11 -13 
0 0 0 0 0 0 1 0 0 0 0 0 0 0 0 0 0 0 0 0 0 0 0 0 0 0 0 0 0 0 6 -2 15 -19 9 -5 -10 -13 2 12 -16 -19 6 5 0 -17 -11 1 12 8 -6 14 13 17 16 18 17 2 6 7 
0 0 0 0 0 0 0 1 0 0 0 0 0 0 0 0 0 0 0 0 0 0 0 0 0 0 0 0 0 0 11 -8 -15 7 -5 16 -16 5 -18 6 -4 -12 9 -17 13 -11 -14 -17 12 -20 11 -13 16 5 -17 14 4 -20 -5 -8 
0 0 0 0 0 0 0 0 1 0 0 0 0 0 0 0 0 0 0 0 0 0 0 0 0 0 0 0 0 0 9 -13 4 14 15 -20 11 19 5 15 6 -18 -18 -6 -13 17 5 -7 -20 -2 -5 13 7 -7 0 11 -14 -17 13 3 
0 0 0 0 0 0 0 0 0 1 0 0 0 0 0 0 0 0 0 0 0 0 0 0 0 0 0 0 0 0 -5 1 10 -20 -3 6 -20 -11 6 7 -16 -7 11 -12 8 18 -15 -6 -7 -15 15 10 20 1 -18 -1 -7 -12 5 -15 
0 0 0 0 0 0 0 0 0 0 1 0 0 0 0 0 0 0 0 0 0 0 0 0 0 0 0 0 0 0 13 20 9 3 -18 -15 -10 -16 -6 17 14 0 -11 6 9 19 4 14 -5 19 -20 -11 10 -19 12 13 1 -15 -18 -15 
0 0 0 0 0 0 0 0 0 0 0 1 0 0 0 0 0 0 0 0 0 0 0 0 0 0 0 0 0 0 -8 16 -14 -20 0 -10 -13 12 -5 4 8 -12 -17 20 14 14 20 -1 9 -6 -1 11 5 -11 13 -3 -17 -7 2 -15 
0 0 0 0 0 0 0 0 0 0 0 0 1 0 0 0 0 0 0 0 0 0 0 0 0 0 0 0 0 0 0 14 -18 6 17 4 19 -17 -4 -7 7 -15 3 13 -16 -2 8 -16 20 -3 0 -2 -13 -15 9 20 2 14 -6 -15 
0 0 0 0 0 0 0 0 0 0 0 0 0 1 0 0 0 0 0 0 0 0 0 0 0 0 0 0 0 0 20 14 19 -17 2 15 10 0 -20 -15 15 9 -10 -1 1 -3 17 -11 3 18 8 -18 -2 17 -11 -14 19 11 -20 -8 
0 0 0 0 0 0 0 0 0 0 0 0 0 0 1 0 0 0 0 0 0 0 0 0 0 0 0 0 0 0 18 -19 -12 17 -14 12 13 16 -7 15 -18 -13 4 -5 6 -14 12 4 -3 -4 2 -16 0 20 -19 10 -13 20 2 -11 
0 0 0 0 0 0 0 0 0 0 0 0 0 0 0 1 0 0 0 0 0 0 0 0 0 0 0 0 0 0 -7 0 -10 3 -2 -1 -6 -8 -6 7 -13 -1 16 11 14 1 17 7 -13 -6 -18 11 0 4 10 3 -7 17 4 18 
0 0 0 0 0 0 0 0 0 0 0 0 0 0 0 0 1 0 0 0 0 0 0 0 0 0 0 0 0 0 -12 18 -1 -2 0 17 19 15 -10 -7 3 -3 14 -1 -11 7 -19 -12 -7 -12 2 -3 19 -17 -20 10 7 -4 9 -10 
0 0 0 0 0 0 0 0 0 0 0 0 0 0 0 0 0 1 0 0 0 0 0 0 0 0 0 0 0 0 -7 17 -11 12 -4 10 10 -5 6 -19 10 -10 -1 3 9 10 -11 11 18 4 -20 1 -20 20 5 -18 11 -7 -2 -1 
0 0 0 0 0 0 0 0 0 0 0 0 0 0 0 0 0 0 1 0 0 0 0 0 0 0 0 0 0 0 3 13 -5 13 6 14 4 -3 -12 -9 -1 18 1 20 0 -10 9 11 -18 7 -6 -18 -11 -4 -17 14 -2 15 -12 17 
0 0 0 0 0 0 0 0 0 0 0 0 0 0 0 0 0 0 0 1 0 0 0 0 0 0 0 0 0 0 -5 12 11 11 6 -3 6 -11 14 14 0 -8 11 -18 -9 -8 -8 -18 -18 -6 11 -4 -1 20 12 2 16 -11 -2 -17 
0 0 0 0 0 0 0 0 0 0 0 0 0 0 0 0 0 0 0 0 1 0 0 0 0 0 0 0 0 0 -13 14 17 19 6 2 -3 -9 13 -10 -16 -6 5 17 -3 18 -12 11 20 -10 -13 10 6 6 12 -1 -13 7 8 6 
0 0 0 0 0 0 0 0 0 0 0 0 0 0 0 0 0 0 0 0 0 1 0 0 0 0 0 0 0 0 10 18 -1 7 18 -16 -10 -4 -3 -17 8 1 -3 -8 -3 14 -8 5 5 -9 15 12 -17 2 -1 15 -20 6 3 10 
0 0 0 0 0 0 0 0 0 0 0 0 0 0 0 0 0 0 0 0 0 0 1 0 0 0 0 0 0 0 -7 -8 7 14 -20 6 20 -7 -19 -4 -4 10 19 13 -17 -5 9 -5 -19 -5 9 16 -14 14 -3 7 8 -1 -6 -10 
0 0 0 0 0 0 0 0 0 0 0 0 0 0 0 0 0 0 0 0 0 0 0 1 0 0 0 0 0 0 -11 8 4 18 3 7 6 5 20 7 -20 -3 -2 -19 -9 4 -4 20 -20 -2 -6 9 -5 2 2 15 -12 -9 -7 3 
0 0 0 0 0 0 0 0 0 0 0 0 0 0 0 0 0 0 0 0 0 0 0 0 1 0 0 0 0 0 3 4 -8 -13 2 17 16 -13 1 17 16 4 -7 -4 5 4 20 -18 6 -19 0 20 11 18 4 -6 12 14 8 -14 
0 0 0 0 0 0 0 0 0 0 0 0 0 0 0 0 0 0 0 0 0 0 0 0 0 1 0 0 0 0 -2 -10 11 10 -1 -6 7 -6 3 -11 -8 0 13 5 16 -3 -9 17 0 17 19 -19 18 11 19 1 -14 12 -5 14 
0 0 0 0 0 0 0 0 0 0 0 0 0 0 0 0 0 0 0 0 0 0 0 0 0 0 1 0 0 0 -20 13 -14 13 5 5 -14 -7 -19 11 2 -7 -10 -5 19 -12 14 -11 -14 -5 -13 -14 -3 -16 19 -3 6 -15 -9 -18 
0 0 0 0 0 0 0 0 0 0 0 0 0 0 0 0 0 0 0 0 0 0 0 0 0 0 0 1 0 0 -20 -9 17 -14 -15 1 14 -9 16 15 -17 -2 -13 -7 15 -13 3 8 -2 10 -17 5 16 2 12 17 -20 -3 -19 -7 
0 0 0 0 0 0 0 0 0 0 0 0 0 0 0 0 0 0 0 0 0 0 0 0 0 0 0 0 1 0 1 -17 6 -1 -8 11 -18 -13 -19 18 -19 -14 -5 -10 2 -11 0 -16 20 20 16 -18 7 14 6 -2 10 8 17 13 
0 0 0 0 0 0 0 0 0 0 0 0 0 0 0 0 0 0 0 0 0 0 0 0 0 0 0 0 0 1 -19 -1 16 7 18 -11 -2 20 -4 1 18 -1 8 -6 12 -11 4 -7 -5 3 -8 -9 7 19 -16 -6 -2 14 -19 -4 
