9 4 2 2 0 7 2 9 0 6 3 8 5 0 3 6 5 0 6 5 2 5 2 4 5 8 7 8 8 4 2 9 9 4 2 1 3 6 3 3 2 8 4 0 8 7 6 5 8 2 3 2 9 5 6 5 5 5 3 5 

8 28 15 26 12 27 15 29 4 2 24 28 28 30 18 0 20 0 18 7 2 28 17 4 29 28 9 27 4 26 

1 0 0 0 0 0 0 0 0 0 0 0 0 0 0 0 0 0 0 0 0 0 0 0 0 0 0 0 0 0 10 -13 -11 12 -2 -2 -6 -19 8 16 -19 -11 16 -20 -17 -20 -19 -12 -16 -2 -12 8 6 -7 18 -2 -20 2 12 3 
0 1 0 0 0 0 0 0 0 0 0 0 0 0 0 0 0 0 0 0 0 0 0 0 0 0 0 0 0 0 6 1 11 15 -7 -10 -6 9 -7 -18 6 -6 -9 1 -6 -6 3 -3 3 7 18 13 -6 3 -14 -6 -20 -12 16 12 
0 0 1 0 0 0 0 0 0 0 0 0 0 0 0 0 0 0 0 0 0 0 0 0 0 0 0 0 0 0 12 1 -5 4 -5 10 14 11 -2 -12 13 -14 2 -17 9 18 0 -8 -6 -16 19 -7 17 -5 17 -16 9 19 -7 6 
0 0 0 1 0 0 0 0 0 0 0 0 0 0 0 0 0 0 0 0 0 0 0 0 0 0 0 0 0 0 13 -14 -14 -13 10 3 17 5 -7 -4 15 -12 2 -2 -9 -9 -5 13 3 11 17 3 -16 16 20 -18 20 10 -20 -6 
0 0 0 0 1 0 0 0 0 0 0 0 0 0 0 0 0 0 0 0 0 0 0 0 0 0 0 0 0 0 -5 13 2 3 -19 -7 -13 18 20 1 -4 14 11 18 -9 -17 -10 8 17 15 -1 15 0 5 10 -1 9 12 -11 9 
0 0 0 0 0 1 0 0 0 0 0 0 0 0 0 0 0 0 0 0 0 0 0 0 0 0 0 0 0 0 -13 4 4 10 -11 7 -18 -4 7 -18 19 -18 16 9 -19 -11 13 -8 17 9 -12 -3 5 8 -19 -5 -11 12 -12 -2 
0 0 0 0 0 0 1 0 0 0 0 0 0 0 0 0 0 0 0 0 0 0 0 0 0 0 0 0 0 0 3 -5 -17 -14 -16 -6 15 -13 11 1 -9 9 3 -14 -2 7 -3 -8 -20 -6 -18 -12 11 7 19 15 -19 -13 6 -11 
0 0 0 0 0 0 0 1 0 0 0 0 0 0 0 0 0 0 0 0 0 0 0 0 0 0 0 0 0 0 7 -12 7 12 -4 11 -14 -9 20 17 14 -10 7 -3 -1 -14 -15 16 -2 -15 -11 0 -5 -18 -11 -7 17 -10 0 4 
0 0 0 0 0 0 0 0 1 0 0 0 0 0 0 0 0 0 0 0 0 0 0 0 0 0 0 0 0 0 2 -14 13 -12 19 -12 -20 -16 1 -20 -18 -5 -8 9 14 11 18 19 9 -5 -15 20 18 0 -19 -14 14 20 -2 -5 
0 0 0 0 0 0 0 0 0 1 0 0 0 0 0 0 0 0 0 0 0 0 0 0 0 0 0 0 0 0 4 20 2 -2 -11 2 8 -8 8 -11 -8 12 6 4 0 -1 -3 -3 -1 -15 15 6 -14 12 -15 -12 18 -20 -11 -3 
0 0 0 0 0 0 0 0 0 0 1 0 0 0 0 0 0 0 0 0 0 0 0 0 0 0 0 0 0 0 -4 15 -1 20 -8 10 1 -20 -19 -10 -9 -7 -19 19 20 1 -1 -2 -20 18 5 17 5 11 8 12 19 7 13 -10 
0 0 0 0 0 0 0 0 0 0 0 1 0 0 0 0 0 0 0 0 0 0 0 0 0 0 0 0 0 0 -15 -12 -16 4 -13 -3 -6 10 -1 -5 20 12 11 -20 10 10 3 -12 -11 5 -13 14 1 12 4 -10 3 5 19 -5 
0 0 0 0 0 0 0 0 0 0 0 0 1 0 0 0 0 0 0 0 0 0 0 0 0 0 0 0 0 0 15 -16 5 19 8 14 -3 -19 5 16 -1 4 7 -11 6 -4 -20 -9 6 -11 16 13 -18 -1 4 6 9 -11 -10 10 
0 0 0 0 0 0 0 0 0 0 0 0 0 1 0 0 0 0 0 0 0 0 0 0 0 0 0 0 0 0 6 -16 14 -9 -17 3 -14 2 5 12 -2 -17 -3 -14 -6 -15 5 -6 -4 -10 3 -7 -17 5 12 9 -8 3 18 3 
0 0 0 0 0 0 0 0 0 0 0 0 0 0 1 0 0 0 0 0 0 0 0 0 0 0 0 0 0 0 -8 4 9 -13 17 14 10 -16 -4 -4 18 14 1 -5 20 15 2 6 -12 18 17 13 -8 20 -3 -16 10 10 9 8 
0 0 0 0 0 0 0 0 0 0 0 0 0 0 0 1 0 0 0 0 0 0 0 0 0 0 0 0 0 0 -6 -18 -7 -18 -11 -11 17 19 -5 -8 -5 -7 -13 18 8 -12 13 -11 15 -18 -12 11 16 0 12 -6 6 1 -17 -4 
0 0 0 0 0 0 0 0 0 0 0 0 0 0 0 0 1 0 0 0 0 0 0 0 0 0 0 0 0 0 -12 -1 -2 3 2 7 14 -2 8 -11 12 -16 2 19 -19 -9 -14 14 2 -20 19 10 11 14 -9 2 -13 20 -15 -7 
0 0 0 0 0 0 0 0 0 0 0 0 0 0 0 0 0 1 0 0 0 0 0 0 0 0 0 0 0 0 -5 -5 12 14 19 -7 2 12 13 -11 -18 4 -7 4 4 -5 15 11 -10 -4 13 -12 -13 6 -17 1 -11 -9 0 -6 
0 0 0 0 0 0 0 0 0 0 0 0 0 0 0 0 0 0 1 0 0 0 0 0 0 0 0 0 0 0 4 17 10 -5 12 10 11 -6 3 5 5 6 -9 19 -11 15 -5 -14 7 7 2 2 18 12 -13 -20 -8 -4 -9 14 
0 0 0 0 0 0 0 0 0 0 0 0 0 0 0 0 0 0 0 1 0 0 0 0 0 0 0 0 0 0 11 17 10 2 -6 2 -7 -14 18 16 11 2 1 -17 2 13 19 17 19 7 6 0 -12 3 -7 -5 5 5 14 19 
0 0 0 0 0 0 0 0 0 0 0 0 0 0 0 0 0 0 0 0 1 0 0 0 0 0 0 0 0 0 -2 6 15 -10 -13 -10 14 2 -4 11 -3 -11 -6 -20 -8 17 13 -8 15 11 20 0 -8 -11 -16 6 5 10 -8 -2 
0 0 0 0 0 0 0 0 0 0 0 0 0 0 0 0 0 0 0 0 0 1 0 0 0 0 0 0 0 0 8 11 -15 4 -18 -6 15 16 16 -8 8 -8 1 -19 -8 16 20 -16 -13 17 17 -12 -4 -11 -2 3 17 -16 -8 -12 
0 0 0 0 0 0 0 0 0 0 0 0 0 0 0 0 0 0 0 0 0 0 1 0 0 0 0 0 0 0 4 -19 -20 9 5 -18 -18 1 20 18 14 9 -9 -4 13 4 -7 12 10 1 8 7 11 -14 18 -12 11 14 -8 -18 
0 0 0 0 0 0 0 0 0 0 0 0 0 0 0 0 0 0 0 0 0 0 0 1 0 0 0 0 0 0 -17 18 -15 -16 6 10 -12 8 -9 -10 7 -14 19 19 4 13 4 18 7 -5 0 -6 -19 -10 2 -20 1 -8 16 15 
0 0 0 0 0 0 0 0 0 0 0 0 0 0 0 0 0 0 0 0 0 0 0 0 1 0 0 0 0 0 -4 20 13 1 -15 0 -7 -5 -12 6 5 17 12 6 15 -3 -2 -2 -4 -16 14 16 1 17 -12 -16 20 11 -3 17 
0 0 0 0 0 0 0 0 0 0 0 0 0 0 0 0 0 0 0 0 0 0 0 0 0 1 0 0 0 0 7 15 18 -1 -4 -18 20 11 0 -11 -4 -16 -15 -11 12 -18 6 -8 2 -18 -4 -3 20 19 -4 -11 -17 -5 20 2 
0 0 0 0 0 0 0 0 0 0 0 0 0 0 0 0 0 0 0 0 0 0 0 0 0 0 1 0 0 0 -9 7 -2 -11 -13 14 -7 -12 6 13 -3 -19 20 5 -10 11 7 17 -18 -10 -20 1 8 20 1 -17 -11 4 0 -10 
0 0 0 0 0 0 0 0 0 0 0 0 0 0 0 0 0 0 0 0 0 0 0 0 0 0 0 1 0 0 -13 11 17 6 -19 -14 1 -3 -6 -13 -9 14 -12 -10 -2 1 -17 -14 -3 -13 -4 -1 10 -17 -2 -9 -12 9 17 8 
0 0 0 0 0 0 0 0 0 0 0 0 0 0 0 0 0 0 0 0 0 0 0 0 0 0 0 0 1 0 20 -16 1 16 12 4 -19 -8 -20 -2 1 -8 -9 12 4 9 -8 7 17 9 15 -8 -13 6 -2 7 17 6 -4 14 
0 0 0 0 0 0 0 0 0 0 0 0 0 0 0 0 0 0 0 0 0 0 0 0 0 0 0 0 0 1 -6 -5 20 15 -8 11 -2 -4 -18 1 14 4 13 -16 -3 -4 15 9 -15 11 -1 -19 -18 8 7 0 -6 6 -12 12 
