5 9 16 19 14 14 11 7 6 8 6 8 13 2 14 15 18 11 12 7 9 17 1 13 13 18 5 11 3 9 17 8 10 5 19 4 19 10 3 5 11 9 6 4 3 12 11 13 3 4 0 13 1 1 18 14 12 15 17 15 

16 15 18 6 4 7 6 25 15 10 9 9 8 11 18 16 30 30 10 11 30 13 26 29 27 12 20 29 27 23 

1 0 0 0 0 0 0 0 0 0 0 0 0 0 0 0 0 0 0 0 0 0 0 0 0 0 0 0 0 0 -9 -18 -4 11 18 -10 6 9 -5 13 -16 7 14 -1 -20 9 15 -19 -2 20 -5 -20 -5 0 -4 -2 20 -10 2 8 
0 1 0 0 0 0 0 0 0 0 0 0 0 0 0 0 0 0 0 0 0 0 0 0 0 0 0 0 0 0 9 13 13 -16 4 12 -5 -9 3 12 -17 9 0 20 -12 3 8 -18 4 -15 -17 19 -12 -2 -1 6 19 0 16 0 
0 0 1 0 0 0 0 0 0 0 0 0 0 0 0 0 0 0 0 0 0 0 0 0 0 0 0 0 0 0 -11 4 -6 -17 11 18 16 -13 -9 -2 19 -6 -14 1 -7 -4 -17 -17 1 7 -12 4 8 -4 -16 -12 -19 -16 8 19 
0 0 0 1 0 0 0 0 0 0 0 0 0 0 0 0 0 0 0 0 0 0 0 0 0 0 0 0 0 0 6 17 3 20 -20 -5 20 18 2 -10 -3 2 4 5 -18 20 -19 -15 -18 2 15 -8 -13 2 9 -9 10 12 -3 -1 
0 0 0 0 1 0 0 0 0 0 0 0 0 0 0 0 0 0 0 0 0 0 0 0 0 0 0 0 0 0 13 -18 -5 -5 -18 -3 12 -19 -4 -7 -9 13 17 17 -2 20 16 -1 -14 18 -18 -20 -10 -11 4 -20 3 -7 14 20 
0 0 0 0 0 1 0 0 0 0 0 0 0 0 0 0 0 0 0 0 0 0 0 0 0 0 0 0 0 0 12 6 -18 -11 -18 -14 8 14 -11 -16 -12 0 17 -13 -2 -4 -14 -6 17 -6 -7 19 -3 5 -10 -20 5 15 -6 1 
0 0 0 0 0 0 1 0 0 0 0 0 0 0 0 0 0 0 0 0 0 0 0 0 0 0 0 0 0 0 14 -13 -12 18 -2 -9 -17 -14 -14 -8 -10 -3 14 -12 4 -8 7 12 8 3 -15 -18 4 2 8 16 3 -6 10 19 
0 0 0 0 0 0 0 1 0 0 0 0 0 0 0 0 0 0 0 0 0 0 0 0 0 0 0 0 0 0 15 3 -15 -17 3 4 -4 6 12 2 -20 -19 19 14 -9 4 -13 18 -5 17 3 1 20 -14 -16 9 -19 7 -18 13 
0 0 0 0 0 0 0 0 1 0 0 0 0 0 0 0 0 0 0 0 0 0 0 0 0 0 0 0 0 0 7 20 -5 13 -16 18 -2 0 6 -11 -17 8 -8 -16 3 5 8 11 3 -17 9 -15 4 10 -7 8 -2 -4 -3 3 
0 0 0 0 0 0 0 0 0 1 0 0 0 0 0 0 0 0 0 0 0 0 0 0 0 0 0 0 0 0 -12 -17 2 5 18 6 5 -3 -13 -8 6 -10 20 20 -6 2 5 -18 -6 -11 -15 -17 -4 11 15 11 0 -7 -12 19 
0 0 0 0 0 0 0 0 0 0 1 0 0 0 0 0 0 0 0 0 0 0 0 0 0 0 0 0 0 0 16 -4 -18 -1 -18 -19 -14 9 -1 -7 -20 -14 3 -19 -14 20 4 13 -19 20 -17 -12 -16 1 19 20 -9 0 -6 -1 
0 0 0 0 0 0 0 0 0 0 0 1 0 0 0 0 0 0 0 0 0 0 0 0 0 0 0 0 0 0 -1 -9 17 3 10 -20 4 16 10 -18 -10 12 -11 13 16 -3 14 -1 -9 15 0 -6 -16 5 15 -16 6 -13 5 20 
0 0 0 0 0 0 0 0 0 0 0 0 1 0 0 0 0 0 0 0 0 0 0 0 0 0 0 0 0 0 8 -15 -10 4 8 -19 6 -9 19 -5 -6 -12 -11 3 -18 -16 -19 17 5 -8 13 -16 6 18 11 2 -19 -4 9 8 
0 0 0 0 0 0 0 0 0 0 0 0 0 1 0 0 0 0 0 0 0 0 0 0 0 0 0 0 0 0 -5 -4 13 7 -19 0 10 7 12 8 -16 -15 18 -7 10 -18 -1 13 19 -17 -16 13 -11 12 10 -20 -7 12 -4 -17 
0 0 0 0 0 0 0 0 0 0 0 0 0 0 1 0 0 0 0 0 0 0 0 0 0 0 0 0 0 0 -1 14 -1 -6 2 2 14 -6 -12 5 -17 -8 12 -19 7 3 -17 -15 -5 -17 -10 1 16 0 -8 8 2 5 1 20 
0 0 0 0 0 0 0 0 0 0 0 0 0 0 0 1 0 0 0 0 0 0 0 0 0 0 0 0 0 0 8 -19 13 -12 -5 -3 10 -11 11 -20 16 14 -6 8 17 -19 -8 -19 -12 10 -14 -1 -10 -18 -20 3 12 2 -11 -8 
0 0 0 0 0 0 0 0 0 0 0 0 0 0 0 0 1 0 0 0 0 0 0 0 0 0 0 0 0 0 1 18 -7 -4 -13 9 15 20 20 5 -19 15 0 -5 4 -1 -4 17 0 5 6 7 -15 16 11 -15 -2 2 7 8 
0 0 0 0 0 0 0 0 0 0 0 0 0 0 0 0 0 1 0 0 0 0 0 0 0 0 0 0 0 0 14 -13 7 -12 5 16 17 -1 17 16 -15 18 13 6 -7 -4 -16 11 -8 6 -5 18 -8 2 16 -18 7 -5 6 -5 
0 0 0 0 0 0 0 0 0 0 0 0 0 0 0 0 0 0 1 0 0 0 0 0 0 0 0 0 0 0 -18 1 5 11 10 -11 9 8 9 5 6 16 3 -2 1 18 14 7 8 -12 -7 -15 -13 7 7 -18 12 -4 -2 -3 
0 0 0 0 0 0 0 0 0 0 0 0 0 0 0 0 0 0 0 1 0 0 0 0 0 0 0 0 0 0 11 2 19 -5 -5 8 7 -17 -5 -3 8 -20 -8 -8 0 16 -11 -6 2 18 2 17 -18 9 4 11 14 -3 -14 -9 
0 0 0 0 0 0 0 0 0 0 0 0 0 0 0 0 0 0 0 0 1 0 0 0 0 0 0 0 0 0 14 18 15 14 -6 -11 3 -20 -8 -20 -1 -18 -18 12 -4 3 9 6 19 -10 5 2 -11 9 -8 15 -1 -15 -9 6 
0 0 0 0 0 0 0 0 0 0 0 0 0 0 0 0 0 0 0 0 0 1 0 0 0 0 0 0 0 0 -2 -14 3 -7 -20 19 4 5 -19 17 5 0 -20 8 -7 -2 -8 -19 -17 -10 -6 10 12 3 -2 -15 -3 18 -9 10 
0 0 0 0 0 0 0 0 0 0 0 0 0 0 0 0 0 0 0 0 0 0 1 0 0 0 0 0 0 0 5 9 16 -11 -17 18 -13 8 3 -12 6 -11 11 8 19 -17 -15 -10 -15 -9 2 -1 -20 -5 -17 1 1 2 -2 14 
0 0 0 0 0 0 0 0 0 0 0 0 0 0 0 0 0 0 0 0 0 0 0 1 0 0 0 0 0 0 -9 -16 4 -12 -7 8 -14 0 -3 11 11 -18 -19 1 12 -20 4 17 -8 11 -13 17 -11 -12 -9 -6 9 14 16 -12 
0 0 0 0 0 0 0 0 0 0 0 0 0 0 0 0 0 0 0 0 0 0 0 0 1 0 0 0 0 0 7 -12 -8 -7 -3 7 -20 5 -12 -1 -5 19 3 -4 1 -6 -2 -13 -10 11 18 -2 9 -11 8 20 3 -2 16 1 
0 0 0 0 0 0 0 0 0 0 0 0 0 0 0 0 0 0 0 0 0 0 0 0 0 1 0 0 0 0 8 4 9 -19 17 -15 8 19 12 16 -3 -14 17 20 5 -3 -7 -16 4 4 17 4 -17 5 13 13 7 -3 -8 2 
0 0 0 0 0 0 0 0 0 0 0 0 0 0 0 0 0 0 0 0 0 0 0 0 0 0 1 0 0 0 18 20 -13 7 -20 -16 14 10 -18 6 5 2 14 3 1 0 -20 17 5 6 2 3 -11 5 -12 -19 -1 15 1 11 
0 0 0 0 0 0 0 0 0 0 0 0 0 0 0 0 0 0 0 0 0 0 0 0 0 0 0 1 0 0 -2 -2 10 5 -14 12 9 -18 3 14 10 -13 -5 5 13 18 -15 13 14 12 -2 -5 -6 10 -19 4 13 2 -2 -7 
0 0 0 0 0 0 0 0 0 0 0 0 0 0 0 0 0 0 0 0 0 0 0 0 0 0 0 0 1 0 -8 16 14 -17 1 20 17 -9 -17 -1 -16 13 9 1 -2 1 -1 5 -7 -6 -4 13 12 12 2 15 -4 -5 -3 16 
0 0 0 0 0 0 0 0 0 0 0 0 0 0 0 0 0 0 0 0 0 0 0 0 0 0 0 0 0 1 10 11 12 3 15 -6 3 11 7 8 -8 14 1 -20 -6 -20 1 15 5 16 -9 -18 10 -18 14 -8 19 -9 9 -5 
