17 9 6 2 0 14 0 10 11 10 0 8 17 2 13 7 9 8 12 17 15 5 3 12 7 0 9 15 1 2 15 18 3 1 1 16 8 13 6 11 3 19 0 12 1 13 19 2 13 3 0 8 8 3 1 15 15 2 3 16 

12 0 14 12 12 13 9 16 10 21 14 0 23 15 0 27 25 21 19 18 6 25 28 24 23 24 12 22 6 19 

1 0 0 0 0 0 0 0 0 0 0 0 0 0 0 0 0 0 0 0 0 0 0 0 0 0 0 0 0 0 7 17 -10 -6 5 -5 1 11 -1 -8 17 -11 -20 -16 -2 1 -6 -14 -7 -8 -6 -4 8 6 -15 18 -8 -5 6 -12 
0 1 0 0 0 0 0 0 0 0 0 0 0 0 0 0 0 0 0 0 0 0 0 0 0 0 0 0 0 0 -1 -6 -15 11 10 10 -14 -8 1 7 4 -3 16 4 3 -6 -14 18 2 -1 -9 18 18 -20 4 -18 19 18 -1 6 
0 0 1 0 0 0 0 0 0 0 0 0 0 0 0 0 0 0 0 0 0 0 0 0 0 0 0 0 0 0 -14 18 20 -9 10 11 -20 18 -18 1 5 6 20 0 -9 5 16 -1 4 -3 20 15 -3 17 15 -20 -20 15 20 -1 
0 0 0 1 0 0 0 0 0 0 0 0 0 0 0 0 0 0 0 0 0 0 0 0 0 0 0 0 0 0 0 -15 -2 1 -4 -10 -9 -3 -13 -5 20 14 -20 -19 -6 -7 6 -9 12 -11 9 12 -15 -15 8 -19 -13 11 19 -12 
0 0 0 0 1 0 0 0 0 0 0 0 0 0 0 0 0 0 0 0 0 0 0 0 0 0 0 0 0 0 -11 -2 -6 10 -19 10 20 -6 -12 -14 10 -10 -18 12 -9 -4 -15 19 7 17 -11 -3 10 -4 4 -2 -1 13 -10 -3 
0 0 0 0 0 1 0 0 0 0 0 0 0 0 0 0 0 0 0 0 0 0 0 0 0 0 0 0 0 0 -19 1 18 -5 -10 -20 -14 -11 -6 -3 -2 -17 7 0 18 20 18 -18 20 6 -20 -10 -15 11 6 9 -10 -14 4 0 
0 0 0 0 0 0 1 0 0 0 0 0 0 0 0 0 0 0 0 0 0 0 0 0 0 0 0 0 0 0 4 7 -20 3 -17 -9 3 -11 2 17 6 20 -18 -6 1 20 -7 -2 -17 -8 -14 -17 4 -9 14 -11 20 -17 -2 5 
0 0 0 0 0 0 0 1 0 0 0 0 0 0 0 0 0 0 0 0 0 0 0 0 0 0 0 0 0 0 3 -19 -9 6 6 -6 17 -12 6 0 -14 -7 2 -12 8 -18 -11 -18 3 -8 -3 9 -4 -20 20 -9 -8 -20 -5 10 
0 0 0 0 0 0 0 0 1 0 0 0 0 0 0 0 0 0 0 0 0 0 0 0 0 0 0 0 0 0 6 20 13 19 5 -2 -5 3 6 -18 -17 12 -5 5 -18 -16 9 -7 -13 -7 6 4 -19 -17 6 -18 -6 18 -17 11 
0 0 0 0 0 0 0 0 0 1 0 0 0 0 0 0 0 0 0 0 0 0 0 0 0 0 0 0 0 0 9 11 11 1 11 -3 19 -15 -20 4 -13 -15 -2 5 12 2 9 2 15 18 16 0 3 17 5 -11 20 -19 -12 -16 
0 0 0 0 0 0 0 0 0 0 1 0 0 0 0 0 0 0 0 0 0 0 0 0 0 0 0 0 0 0 12 18 15 4 -2 7 -17 -1 13 -17 -18 -19 -10 2 8 -17 -17 -1 5 19 -4 0 0 -19 -3 -15 -10 -2 -14 0 
0 0 0 0 0 0 0 0 0 0 0 1 0 0 0 0 0 0 0 0 0 0 0 0 0 0 0 0 0 0 2 20 -1 -2 6 18 -16 9 -4 19 14 0 -18 -17 -16 12 -14 -13 -10 11 -13 9 -7 8 10 12 15 -19 -11 -20 
0 0 0 0 0 0 0 0 0 0 0 0 1 0 0 0 0 0 0 0 0 0 0 0 0 0 0 0 0 0 3 13 -19 -18 -8 7 20 -2 -3 -3 -1 -10 19 3 -5 -16 -6 1 -8 7 -6 1 -5 9 -12 -14 0 -18 -13 9 
0 0 0 0 0 0 0 0 0 0 0 0 0 1 0 0 0 0 0 0 0 0 0 0 0 0 0 0 0 0 -16 10 3 -14 12 17 15 13 -6 -8 -9 15 4 -8 -3 20 -4 14 2 10 0 18 -9 15 6 1 -20 -15 4 -11 
0 0 0 0 0 0 0 0 0 0 0 0 0 0 1 0 0 0 0 0 0 0 0 0 0 0 0 0 0 0 16 10 19 0 18 13 -4 13 7 13 -14 19 7 10 -8 -14 9 10 20 -7 0 -1 -10 13 -5 17 -7 -3 -19 19 
0 0 0 0 0 0 0 0 0 0 0 0 0 0 0 1 0 0 0 0 0 0 0 0 0 0 0 0 0 0 6 18 9 6 -3 8 0 16 2 -13 8 8 -13 -4 0 -1 2 -10 -10 1 3 10 -19 14 4 -4 10 18 13 13 
0 0 0 0 0 0 0 0 0 0 0 0 0 0 0 0 1 0 0 0 0 0 0 0 0 0 0 0 0 0 18 0 12 6 -14 -9 -6 8 -14 16 15 16 6 -17 -9 -15 4 14 -3 15 -4 -18 6 0 16 -10 16 7 -13 11 
0 0 0 0 0 0 0 0 0 0 0 0 0 0 0 0 0 1 0 0 0 0 0 0 0 0 0 0 0 0 1 -16 -8 -7 13 0 4 -12 -12 12 -15 -16 7 11 -12 20 18 12 15 -5 8 -7 -3 -6 13 -6 4 8 -18 13 
0 0 0 0 0 0 0 0 0 0 0 0 0 0 0 0 0 0 1 0 0 0 0 0 0 0 0 0 0 0 0 3 19 13 16 11 -8 1 19 2 -6 -16 7 -18 17 15 -18 15 8 17 -9 -4 -11 10 10 -19 -15 -5 12 -13 
0 0 0 0 0 0 0 0 0 0 0 0 0 0 0 0 0 0 0 1 0 0 0 0 0 0 0 0 0 0 -13 -7 12 -15 -13 10 17 0 -10 17 -19 7 -18 10 9 -19 4 13 18 -6 10 -10 10 -20 20 1 -16 -14 16 18 
0 0 0 0 0 0 0 0 0 0 0 0 0 0 0 0 0 0 0 0 1 0 0 0 0 0 0 0 0 0 -5 -18 -8 -14 -13 0 16 -15 20 -12 -16 -18 15 -12 13 5 -11 -2 -2 -14 12 -11 -4 3 -9 -3 -17 -3 3 19 
0 0 0 0 0 0 0 0 0 0 0 0 0 0 0 0 0 0 0 0 0 1 0 0 0 0 0 0 0 0 -6 18 -20 9 -14 -10 -12 -17 -5 -11 -9 1 -9 -13 10 -15 15 19 6 -8 -13 -1 3 3 -18 14 -18 -15 -9 5 
0 0 0 0 0 0 0 0 0 0 0 0 0 0 0 0 0 0 0 0 0 0 1 0 0 0 0 0 0 0 -14 7 5 -14 -5 13 -2 3 16 16 14 -11 -4 -15 -4 -15 -8 -10 -14 20 4 -5 -1 -14 18 1 -18 20 8 -5 
0 0 0 0 0 0 0 0 0 0 0 0 0 0 0 0 0 0 0 0 0 0 0 1 0 0 0 0 0 0 7 14 -17 -7 -18 1 -15 0 -15 -18 -5 20 -9 14 -14 10 -20 -2 -19 -12 0 6 3 19 14 3 1 18 4 -10 
0 0 0 0 0 0 0 0 0 0 0 0 0 0 0 0 0 0 0 0 0 0 0 0 1 0 0 0 0 0 -8 -8 -14 -2 5 -12 19 12 10 -17 15 -13 -16 -13 -20 -10 17 -18 11 19 -9 -10 6 16 -12 -1 -2 11 -1 -18 
0 0 0 0 0 0 0 0 0 0 0 0 0 0 0 0 0 0 0 0 0 0 0 0 0 1 0 0 0 0 -20 13 -4 -14 -10 -19 -4 -10 15 -14 -4 11 -5 0 19 -3 11 15 -1 1 15 12 11 0 8 -20 -19 -13 13 0 
0 0 0 0 0 0 0 0 0 0 0 0 0 0 0 0 0 0 0 0 0 0 0 0 0 0 1 0 0 0 -9 13 -8 8 -19 5 11 -1 15 5 5 -10 -4 -19 11 -4 -2 3 -8 20 -17 -13 13 16 9 0 18 10 10 10 
0 0 0 0 0 0 0 0 0 0 0 0 0 0 0 0 0 0 0 0 0 0 0 0 0 0 0 1 0 0 -9 -20 4 6 8 5 -8 -2 -16 -14 -15 11 -1 3 15 -9 19 -8 16 -8 -7 19 -1 -14 16 -10 8 13 20 -3 
0 0 0 0 0 0 0 0 0 0 0 0 0 0 0 0 0 0 0 0 0 0 0 0 0 0 0 0 1 0 4 -7 0 -13 19 -11 15 -10 10 -20 -2 15 13 19 -3 7 -11 -3 -19 -14 9 -4 -16 -10 2 -19 0 -8 16 -1 
0 0 0 0 0 0 0 0 0 0 0 0 0 0 0 0 0 0 0 0 0 0 0 0 0 0 0 0 0 1 11 -1 14 -10 9 12 0 3 -17 -11 3 2 -15 -3 2 2 -16 14 19 -13 20 9 3 -14 19 -13 -13 -2 -1 -15 
