17 11 20 19 7 27 26 14 2 2 21 11 8 16 0 29 17 28 2 22 13 23 5 12 29 12 29 13 7 28 1 16 9 13 27 8 3 15 15 5 18 6 9 26 22 9 25 2 0 19 24 5 5 21 17 4 26 16 18 3 

7 2 4 18 26 5 27 5 6 3 11 22 8 24 13 27 17 24 6 17 23 4 6 4 21 21 15 4 21 13 

1 0 0 0 0 0 0 0 0 0 0 0 0 0 0 0 0 0 0 0 0 0 0 0 0 0 0 0 0 0 6 -10 -9 8 11 -10 15 0 -14 -2 -13 -15 1 19 10 -9 -2 -19 12 -11 18 -3 -6 -13 2 12 -17 11 -9 -15 
0 1 0 0 0 0 0 0 0 0 0 0 0 0 0 0 0 0 0 0 0 0 0 0 0 0 0 0 0 0 17 19 -3 -13 9 -12 -1 3 10 8 -18 17 13 4 15 3 17 -6 6 8 5 5 -14 20 13 8 13 16 -1 -16 
0 0 1 0 0 0 0 0 0 0 0 0 0 0 0 0 0 0 0 0 0 0 0 0 0 0 0 0 0 0 -18 -3 -16 -1 6 13 7 -15 -2 -4 15 0 -5 7 -15 -9 -9 -18 6 17 12 -10 2 19 -11 -4 8 -16 -7 -14 
0 0 0 1 0 0 0 0 0 0 0 0 0 0 0 0 0 0 0 0 0 0 0 0 0 0 0 0 0 0 -10 -5 5 -6 14 -9 -11 3 -2 7 19 -8 -12 -5 -20 -6 7 -8 -2 -8 -10 -11 4 14 -11 16 -9 18 20 4 
0 0 0 0 1 0 0 0 0 0 0 0 0 0 0 0 0 0 0 0 0 0 0 0 0 0 0 0 0 0 -17 -11 19 11 3 15 -19 12 -3 1 0 -3 15 11 13 15 -14 1 -12 4 13 -1 15 -2 -6 -16 -7 6 -19 -8 
0 0 0 0 0 1 0 0 0 0 0 0 0 0 0 0 0 0 0 0 0 0 0 0 0 0 0 0 0 0 -11 -14 3 -10 17 -12 -16 18 20 3 0 2 -19 -6 -8 14 -9 0 -6 -1 -17 -12 18 18 9 -6 -19 -19 20 -18 
0 0 0 0 0 0 1 0 0 0 0 0 0 0 0 0 0 0 0 0 0 0 0 0 0 0 0 0 0 0 -4 -10 -11 -20 2 -15 -12 6 -15 -10 -10 7 12 -8 -19 -15 -13 -8 5 2 11 10 12 11 7 0 -14 11 4 -15 
0 0 0 0 0 0 0 1 0 0 0 0 0 0 0 0 0 0 0 0 0 0 0 0 0 0 0 0 0 0 13 -19 -3 -17 -19 20 -9 -10 7 -2 0 18 -16 -9 -9 -15 -2 -2 -1 -16 -19 -8 14 16 -16 0 -5 -10 -10 -20 
0 0 0 0 0 0 0 0 1 0 0 0 0 0 0 0 0 0 0 0 0 0 0 0 0 0 0 0 0 0 -3 -15 -19 14 -10 -17 13 1 -7 2 19 13 1 -17 -15 12 -10 5 -11 12 9 -7 -17 4 -12 -13 -15 5 -1 -2 
0 0 0 0 0 0 0 0 0 1 0 0 0 0 0 0 0 0 0 0 0 0 0 0 0 0 0 0 0 0 6 16 3 7 9 15 12 4 -4 -16 -15 -4 19 6 -1 -15 -1 12 10 10 5 0 -18 8 -17 -10 17 -9 18 -3 
0 0 0 0 0 0 0 0 0 0 1 0 0 0 0 0 0 0 0 0 0 0 0 0 0 0 0 0 0 0 9 3 -8 -7 -9 -18 -13 -17 6 5 -11 13 -19 -12 0 2 -5 19 -5 -13 9 20 7 13 7 13 -15 5 -17 -18 
0 0 0 0 0 0 0 0 0 0 0 1 0 0 0 0 0 0 0 0 0 0 0 0 0 0 0 0 0 0 -19 14 7 -5 -14 18 -2 -5 -18 -17 -20 -8 19 -17 2 0 5 17 -1 -20 -17 -11 20 13 -17 9 7 -12 -5 12 
0 0 0 0 0 0 0 0 0 0 0 0 1 0 0 0 0 0 0 0 0 0 0 0 0 0 0 0 0 0 -8 -1 5 19 14 13 19 -9 -13 -20 -3 -11 -6 -3 -8 18 17 18 17 -3 20 -19 6 -20 14 12 9 2 20 -14 
0 0 0 0 0 0 0 0 0 0 0 0 0 1 0 0 0 0 0 0 0 0 0 0 0 0 0 0 0 0 -7 -8 5 18 -8 -2 10 -10 12 20 -7 -10 -10 9 7 3 7 3 2 3 -20 3 6 8 3 0 -1 -6 -19 1 
0 0 0 0 0 0 0 0 0 0 0 0 0 0 1 0 0 0 0 0 0 0 0 0 0 0 0 0 0 0 0 -3 15 -14 -6 -14 4 -14 -1 -3 -13 12 7 -3 0 -7 20 -12 17 3 13 19 -15 -1 6 9 -20 -15 -16 -17 
0 0 0 0 0 0 0 0 0 0 0 0 0 0 0 1 0 0 0 0 0 0 0 0 0 0 0 0 0 0 8 4 0 2 10 15 8 -5 -18 -14 15 -11 20 1 6 0 17 8 10 15 -8 3 13 -2 -19 -2 -12 -17 5 -8 
0 0 0 0 0 0 0 0 0 0 0 0 0 0 0 0 1 0 0 0 0 0 0 0 0 0 0 0 0 0 -14 -8 18 7 14 9 3 4 -17 7 10 18 16 10 1 3 -9 -3 -10 -18 -9 5 5 -17 -18 8 3 -8 11 -10 
0 0 0 0 0 0 0 0 0 0 0 0 0 0 0 0 0 1 0 0 0 0 0 0 0 0 0 0 0 0 4 20 4 3 6 0 -9 -10 -17 -6 17 15 -6 14 6 15 -2 17 -7 11 20 4 -5 6 9 -3 -6 -7 9 -14 
0 0 0 0 0 0 0 0 0 0 0 0 0 0 0 0 0 0 1 0 0 0 0 0 0 0 0 0 0 0 3 -6 -15 -13 17 13 9 -13 -16 12 3 -18 6 19 16 -8 15 -6 -10 -13 -16 -9 13 -1 20 1 18 -7 15 8 
0 0 0 0 0 0 0 0 0 0 0 0 0 0 0 0 0 0 0 1 0 0 0 0 0 0 0 0 0 0 1 -1 -19 7 8 20 1 -4 -12 6 -11 11 8 16 12 6 -11 6 20 1 14 -15 15 8 6 14 -11 3 -12 -15 
0 0 0 0 0 0 0 0 0 0 0 0 0 0 0 0 0 0 0 0 1 0 0 0 0 0 0 0 0 0 -8 9 6 -7 -3 -6 -6 19 12 2 4 -19 -6 -7 19 -15 19 -11 12 20 12 7 -14 6 -6 12 -1 5 -4 7 
0 0 0 0 0 0 0 0 0 0 0 0 0 0 0 0 0 0 0 0 0 1 0 0 0 0 0 0 0 0 12 8 -4 -2 -18 13 14 -4 13 5 18 -2 8 -6 12 8 -1 10 19 -8 12 11 -20 18 -4 -5 12 16 -19 -13 
0 0 0 0 0 0 0 0 0 0 0 0 0 0 0 0 0 0 0 0 0 0 1 0 0 0 0 0 0 0 4 14 18 20 -9 20 15 -14 -2 7 11 -3 -15 1 11 19 -10 -10 10 -11 2 1 20 3 -1 -5 20 -10 -8 -20 
0 0 0 0 0 0 0 0 0 0 0 0 0 0 0 0 0 0 0 0 0 0 0 1 0 0 0 0 0 0 -1 17 16 -4 16 -14 -2 12 -6 16 1 -15 -8 6 8 -15 6 18 -5 -5 -14 19 17 -15 3 -3 3 4 9 15 
0 0 0 0 0 0 0 0 0 0 0 0 0 0 0 0 0 0 0 0 0 0 0 0 1 0 0 0 0 0 7 -11 11 2 8 9 11 -15 0 -16 -18 -20 -9 -4 8 19 1 -7 19 18 11 -16 17 7 -8 1 -15 15 -15 14 
0 0 0 0 0 0 0 0 0 0 0 0 0 0 0 0 0 0 0 0 0 0 0 0 0 1 0 0 0 0 11 12 -18 2 -5 10 -10 -15 17 12 -10 19 15 1 -3 4 2 18 18 2 16 10 8 14 -4 20 -6 3 16 1 
0 0 0 0 0 0 0 0 0 0 0 0 0 0 0 0 0 0 0 0 0 0 0 0 0 0 1 0 0 0 -4 7 -8 0 -10 8 -8 2 15 -12 -7 -16 -11 -13 8 6 12 -9 5 11 13 2 0 0 -5 18 2 12 0 -1 
0 0 0 0 0 0 0 0 0 0 0 0 0 0 0 0 0 0 0 0 0 0 0 0 0 0 0 1 0 0 -8 18 -13 7 -1 -3 -6 11 19 -12 20 -6 -5 -10 3 -16 18 -4 -5 2 -12 -11 -14 10 11 1 7 -8 -6 -12 
0 0 0 0 0 0 0 0 0 0 0 0 0 0 0 0 0 0 0 0 0 0 0 0 0 0 0 0 1 0 12 7 -13 -20 -7 7 0 9 -3 0 19 -2 14 -7 10 -1 -1 7 15 16 -9 -17 -16 -3 13 16 20 2 -11 -4 
0 0 0 0 0 0 0 0 0 0 0 0 0 0 0 0 0 0 0 0 0 0 0 0 0 0 0 0 0 1 12 -18 -18 20 -17 -3 8 3 -15 -14 -18 -17 7 19 -1 -4 -3 18 -17 -9 14 -4 -6 20 15 -11 15 16 13 -14 
