4 5 8 6 8 2 1 8 5 9 4 7 8 9 7 5 8 6 7 0 3 9 5 3 5 4 9 0 0 5 6 4 0 7 0 0 1 3 8 6 4 2 5 2 3 5 8 1 1 5 1 4 4 9 0 1 3 9 4 3 

4 30 13 15 19 10 26 5 19 8 2 28 13 23 23 22 18 26 14 12 9 2 0 9 30 17 15 14 1 27 

1 0 0 0 0 0 0 0 0 0 0 0 0 0 0 0 0 0 0 0 0 0 0 0 0 0 0 0 0 0 2 -1 -1 17 -12 3 15 -11 -15 -19 -15 -19 -16 7 -6 15 1 20 -6 4 -20 19 -17 2 -14 -15 11 -17 11 1 
0 1 0 0 0 0 0 0 0 0 0 0 0 0 0 0 0 0 0 0 0 0 0 0 0 0 0 0 0 0 -3 -8 -20 18 -9 -10 0 -15 0 6 -12 5 7 -8 -8 -18 -11 15 -19 3 1 -19 1 4 3 9 11 -5 13 1 
0 0 1 0 0 0 0 0 0 0 0 0 0 0 0 0 0 0 0 0 0 0 0 0 0 0 0 0 0 0 17 -9 16 19 -12 -12 -12 8 -5 10 -5 3 -5 -17 17 9 -15 -15 5 -14 11 -15 -13 -7 9 13 -18 2 -13 15 
0 0 0 1 0 0 0 0 0 0 0 0 0 0 0 0 0 0 0 0 0 0 0 0 0 0 0 0 0 0 -16 -17 -13 20 -19 -5 -13 -8 -18 2 -19 0 -14 -2 3 -17 -14 9 -10 12 17 -20 19 -16 -6 10 19 -4 -9 -15 
0 0 0 0 1 0 0 0 0 0 0 0 0 0 0 0 0 0 0 0 0 0 0 0 0 0 0 0 0 0 -8 -5 -11 -1 -3 -8 14 6 4 18 -10 8 -3 -4 -15 -18 1 -6 13 12 -15 9 12 -15 15 -13 15 13 3 -15 
0 0 0 0 0 1 0 0 0 0 0 0 0 0 0 0 0 0 0 0 0 0 0 0 0 0 0 0 0 0 19 17 3 -11 -5 -19 3 -10 9 -13 -10 19 17 9 -3 -19 11 18 -5 3 11 2 -6 3 8 -12 12 2 -19 -3 
0 0 0 0 0 0 1 0 0 0 0 0 0 0 0 0 0 0 0 0 0 0 0 0 0 0 0 0 0 0 10 -19 -7 -6 -8 11 -5 15 -18 -15 -17 -8 -16 20 -19 3 -19 14 0 -4 -3 -9 -20 13 16 8 -20 9 -9 -17 
0 0 0 0 0 0 0 1 0 0 0 0 0 0 0 0 0 0 0 0 0 0 0 0 0 0 0 0 0 0 -15 -20 -14 1 -4 -2 -9 11 -5 -7 19 -2 8 -18 0 9 5 1 2 -14 19 -20 -1 -20 15 -4 8 16 -15 20 
0 0 0 0 0 0 0 0 1 0 0 0 0 0 0 0 0 0 0 0 0 0 0 0 0 0 0 0 0 0 -20 -10 -19 -11 11 -2 9 -17 -10 -17 -1 -12 4 -14 -8 -17 17 19 6 -2 -15 6 1 4 7 -5 -20 -4 -8 -15 
0 0 0 0 0 0 0 0 0 1 0 0 0 0 0 0 0 0 0 0 0 0 0 0 0 0 0 0 0 0 -5 -5 -3 -3 4 -10 17 -8 -7 -14 -4 12 -3 -19 18 9 -16 14 8 12 -6 13 -3 17 -2 -15 -7 0 2 6 
0 0 0 0 0 0 0 0 0 0 1 0 0 0 0 0 0 0 0 0 0 0 0 0 0 0 0 0 0 0 7 19 -20 -16 -3 6 -6 -7 18 9 2 -5 1 19 -4 0 7 2 -4 -6 -7 12 -12 13 8 7 18 -18 -12 -1 
0 0 0 0 0 0 0 0 0 0 0 1 0 0 0 0 0 0 0 0 0 0 0 0 0 0 0 0 0 0 8 16 -2 10 -19 15 -5 -3 -10 -7 -15 12 10 8 10 -14 -10 -4 8 8 13 -19 -1 -20 14 -12 9 13 -10 18 
0 0 0 0 0 0 0 0 0 0 0 0 1 0 0 0 0 0 0 0 0 0 0 0 0 0 0 0 0 0 -6 -20 13 14 10 16 10 -13 -8 20 2 -1 11 -9 -11 2 -3 -1 19 -13 -12 11 -12 9 13 -17 19 2 16 -12 
0 0 0 0 0 0 0 0 0 0 0 0 0 1 0 0 0 0 0 0 0 0 0 0 0 0 0 0 0 0 -1 -9 -10 -7 -16 -18 -12 15 -11 2 14 11 -18 7 -19 -9 -12 1 12 -12 8 20 -20 18 10 14 -20 8 -3 18 
0 0 0 0 0 0 0 0 0 0 0 0 0 0 1 0 0 0 0 0 0 0 0 0 0 0 0 0 0 0 19 16 -11 -12 -10 -5 -10 0 -11 1 -19 -15 -9 -17 12 -5 -3 -19 16 -12 -10 5 -10 -8 2 20 -13 2 10 4 
0 0 0 0 0 0 0 0 0 0 0 0 0 0 0 1 0 0 0 0 0 0 0 0 0 0 0 0 0 0 1 8 1 12 16 11 -13 -12 -10 -2 9 -7 3 -18 -1 -6 -3 16 -4 -6 -15 8 19 -3 -19 0 -1 -11 -17 -12 
0 0 0 0 0 0 0 0 0 0 0 0 0 0 0 0 1 0 0 0 0 0 0 0 0 0 0 0 0 0 13 4 16 -6 -2 13 -14 7 -20 -3 -16 12 12 8 14 -10 -19 -10 -13 -1 4 -5 -12 2 12 -10 -17 -8 -1 -14 
0 0 0 0 0 0 0 0 0 0 0 0 0 0 0 0 0 1 0 0 0 0 0 0 0 0 0 0 0 0 2 -7 12 -1 7 -11 -8 14 16 -6 -8 -20 -15 -17 8 19 -4 11 -12 3 -8 14 18 0 -3 12 12 0 -17 -8 
0 0 0 0 0 0 0 0 0 0 0 0 0 0 0 0 0 0 1 0 0 0 0 0 0 0 0 0 0 0 6 8 6 -2 -14 -6 9 0 -11 5 15 3 7 20 7 -4 -20 -16 -12 -10 7 0 -16 7 -18 1 -2 14 -17 3 
0 0 0 0 0 0 0 0 0 0 0 0 0 0 0 0 0 0 0 1 0 0 0 0 0 0 0 0 0 0 -12 11 -10 14 -12 -1 -11 20 19 -1 6 13 -17 -8 15 12 8 15 16 16 -14 3 -2 -10 -9 0 14 11 -5 19 
0 0 0 0 0 0 0 0 0 0 0 0 0 0 0 0 0 0 0 0 1 0 0 0 0 0 0 0 0 0 -7 3 9 6 -2 20 -14 8 19 -16 -12 4 20 -9 18 14 -17 5 10 19 2 16 3 -19 -12 16 1 -17 6 19 
0 0 0 0 0 0 0 0 0 0 0 0 0 0 0 0 0 0 0 0 0 1 0 0 0 0 0 0 0 0 -19 20 1 10 7 -19 9 13 9 9 17 19 -8 18 -11 -11 13 -6 16 2 -5 0 0 20 1 10 16 -16 13 1 
0 0 0 0 0 0 0 0 0 0 0 0 0 0 0 0 0 0 0 0 0 0 1 0 0 0 0 0 0 0 -18 16 0 5 7 -12 6 -4 -20 -4 -14 20 -6 -1 17 6 10 12 -19 8 -7 -4 -13 15 -4 10 6 -9 16 0 
0 0 0 0 0 0 0 0 0 0 0 0 0 0 0 0 0 0 0 0 0 0 0 1 0 0 0 0 0 0 12 20 -5 -6 5 -18 2 -8 0 5 11 6 6 -14 -14 4 14 19 -5 16 6 11 -9 15 5 9 4 -7 20 0 
0 0 0 0 0 0 0 0 0 0 0 0 0 0 0 0 0 0 0 0 0 0 0 0 1 0 0 0 0 0 13 12 -1 -12 -13 -15 -10 9 0 12 -5 -8 -3 -20 -2 4 5 -8 2 -19 -13 -11 12 0 -17 -1 -11 9 12 -10 
0 0 0 0 0 0 0 0 0 0 0 0 0 0 0 0 0 0 0 0 0 0 0 0 0 1 0 0 0 0 -12 4 -17 10 14 -10 17 -15 -19 -2 17 -4 10 -6 -1 -10 20 -15 4 3 -14 13 12 -20 -8 17 -1 3 5 -8 
0 0 0 0 0 0 0 0 0 0 0 0 0 0 0 0 0 0 0 0 0 0 0 0 0 0 1 0 0 0 14 16 16 17 7 12 -13 3 17 -12 -17 14 6 15 -11 -14 -16 -12 -9 8 13 0 0 4 0 15 0 -20 -3 -14 
0 0 0 0 0 0 0 0 0 0 0 0 0 0 0 0 0 0 0 0 0 0 0 0 0 0 0 1 0 0 -8 -10 -19 -11 -11 8 -20 -4 -7 18 6 -4 13 -7 -10 -19 2 -3 -11 13 -16 -17 -6 7 7 16 1 -12 16 20 
0 0 0 0 0 0 0 0 0 0 0 0 0 0 0 0 0 0 0 0 0 0 0 0 0 0 0 0 1 0 -6 -11 -8 -2 -1 1 -15 1 19 -2 0 6 16 -8 19 -12 -7 2 5 4 -5 11 7 11 -3 -5 7 20 5 4 
0 0 0 0 0 0 0 0 0 0 0 0 0 0 0 0 0 0 0 0 0 0 0 0 0 0 0 0 0 1 -19 -19 16 -7 -1 -6 16 4 17 14 -16 -3 -1 20 11 -1 -13 -16 -19 14 10 -2 5 -1 -10 -17 16 19 -15 3 
